1.998468394183552377e-01
-7.218132046865268769e-01
-5.993247146849496332e-01
6.140610575244076497e-01
9.049459243270385755e-02
-9.814704840288854815e-01
-6.013867896212583553e-01
-6.593381094259056496e-01
1.307632361193327153e-01
2.771885303234109532e-01
3.066827990714764418e-01
-1.002289153006137301e-01
-8.809043505736460222e-01
-7.446335994543074044e-02
1.123874198077157160e-01
-7.546279897974337292e-01
-8.960011752853562772e-01
-9.220663884343371919e-01
1.063692221419723083e-01
-8.180248186211880324e-01
-9.448880018276557546e-01
-5.834720233384151911e-01
-4.385670317467016410e-02
4.268767028004056829e-01
4.673757980529835709e-01
-6.494799948307121706e-01
-4.441015515535371438e-01
-7.707251606888121387e-03
-2.917259230057560604e-01
-9.069078193716417768e-01
7.851093656280743183e-01
-4.929851165494891774e-01
-7.211028787617075331e-01
2.240124265097498402e-02
1.385931602974075361e-01
5.411799332160245335e-01
-8.806089654859017291e-01
1.874816019926095478e-01
-9.980011104018580159e-01
5.978405249172973335e-01
7.138128296257670868e-01
8.644790589686468518e-01
-3.855067067572790496e-01
8.277187553907550122e-01
-9.553429021423258671e-01
7.948851902749438647e-01
4.465993744664058518e-01
-2.758152336606765065e-01
7.824082056591825651e-01
9.299241638262509824e-01
5.278412378215502354e-01
-7.719482446480165905e-01
3.164880854968652457e-01
4.803331314355792081e-01
-5.826525197519833998e-01
-9.657140669703201397e-01
-5.487224169066617918e-02
5.860568002872947879e-01
2.754890083241692267e-01
8.926609613025529022e-01
-2.492280981923136185e-01
-6.332648096239326119e-01
1.094578832167814042e-02
-1.801478657881343537e-01
5.364952776042801741e-01
7.964428347375760442e-01
-2.171598979694768783e-01
6.532129517136786578e-01
-3.044886467788361362e-01
-9.330136388957355198e-01
-6.920368601680395582e-01
3.301730362083132864e-01
-6.927307935073898637e-01
4.487839068619139393e-01
1.756699859441355205e-01
1.299927557448872228e-01
9.674035867991730431e-01
-8.642759773897774611e-01
-9.582854820759780790e-01
-7.294240347710558847e-01
-9.713367039884013288e-01
-1.565522388848821222e-01
-3.063235993534476620e-01
-6.531824715760636835e-02
-4.234154531244049835e-01
9.985857647449969399e-01
2.439963155366746683e-01
9.370870553382282253e-02
5.767052888032868641e-01
6.828299136864079966e-01
-2.873496611850032689e-01
-5.783254709772207569e-01
-3.168069530275059442e-01
8.168935120626719115e-01
-8.502031442235336023e-01
-9.444521057111323614e-01
-2.374416030566917080e-02
-2.570853708349687405e-01
3.402125304223124758e-03
2.035848653322989144e-01
3.291429686481253114e-01
-3.501561094521901119e-01
5.545127426217935085e-01
-2.905128505879104317e-01
-9.527005868350901796e-01
-7.139138183177353714e-01
2.683923734451343357e-02
-5.476531262664334765e-01
1.927095796070048550e-01
5.365369151589438612e-01
6.646083618082869737e-01
-7.892046238215522092e-01
-5.316333608819046042e-02
-2.028944479319063632e-01
6.049792306582424395e-02
-2.542377591912026169e-01
2.396527625831628150e-01
2.285371812322378737e-01
4.987012817428964073e-01
-2.223424939678100287e-01
-7.453161797360732255e-01
-5.666458569456127581e-01
6.500574275653185907e-01
-5.904965261633607909e-01
-3.138575858892946879e-01
-6.010253076032658903e-01
8.816100651516671771e-01
9.324812105237456628e-02
-6.065486465601548360e-01
-7.313438810660992662e-01
8.777137052783527960e-01
-9.420335546682550021e-01
-4.439437666340670940e-01
7.923371112333952304e-01
-3.073610395272288187e-01
-5.888694947523511747e-01
-6.852219231950762435e-02
-2.702930161161161138e-01
2.028536931491187190e-03
-9.908955098934824068e-01
-3.595650300763864049e-01
5.436178606062209706e-01
-5.794649228901977978e-01
-4.162084206355356475e-01
-4.770562106332971730e-01
-5.531439460589899770e-01
-9.285493980061134689e-01
-8.372301036682809894e-01
9.241841494923213052e-01
-1.860262245830179850e-02
9.731087218855705157e-01
1.466245830102244074e-01
2.034807787211609931e-01
-1.160057034343413562e-01
-9.788982303485598280e-01
1.480520370572619981e-01
5.429961780561052276e-01
-5.729857946496319521e-02
2.778055785661177612e-01
-9.589532817706090118e-01
-4.496723142912510962e-01
7.017926273995134245e-01
-4.858430626889911341e-01
6.981044185593556772e-01
-8.592077289502770832e-01
-5.515430595174080075e-01
-9.131139068603482123e-01
-6.224767610168466803e-01
-1.027195102968510021e-01
2.011056783556730565e-02
9.220736284215826917e-01
4.731354050492904140e-01
-9.760433891083633018e-01
-7.799427296330678772e-01
7.963156905182673384e-01
7.071464982555395462e-01
4.814876569157124919e-01
4.462308726600028308e-02
-3.848826586057960686e-01
-8.785925206425888589e-01
-6.125759803396859660e-01
-9.031316999609273477e-01
4.117251111729860469e-01
4.489324696645542456e-01
-1.630723722139078014e-01
5.535905806205110302e-01
-6.996183451566271305e-01
-8.401616777864333585e-01
3.265913034864609266e-02
-8.114483885841874411e-01
6.001804142935540654e-02
-8.185809805907751091e-01
-8.459712733940776275e-01
-7.544836741518121670e-01
2.781136972677311636e-01
3.048978401139059713e-01
6.108966203307770737e-01
-2.017588195128015016e-01
-4.739187989596473916e-01
2.446126854288441788e-01
8.805987844597622516e-01
-7.553521077141822637e-01
7.260577080613732637e-01
3.597430156665468726e-01
-9.924414096369238436e-01
-4.429025692310073481e-02
-9.709169869446614420e-01
1.094210221311340270e-01
-2.853515276689455593e-01
-2.916536512421357141e-01
-7.979198386128794063e-02
4.903574665143700662e-01
3.330557089780185054e-01
2.112031463248666974e-01
2.137618761254387323e-01
-2.236899692783037297e-01
2.348494475546882565e-01
2.623496365537366093e-01
7.360254891269357724e-02
7.000850774450257941e-01
3.786892750302716104e-01
1.000000000000000000e+00
2.441099456623266883e-01
-1.969707005799833377e-01
-1.634639689863837120e-01
1.273239690387833745e-01
-1.000000000000000000e+00
-7.048953277176331911e-01
-7.807438334152527748e-01
1.000000000000000000e+00
-2.525205789633992448e-01
-1.000000000000000000e+00
4.448908644146285507e-01
1.000000000000000000e+00
-1.000000000000000000e+00
-7.934519447785350899e-01
-1.000000000000000000e+00
-1.000000000000000000e+00
-1.000000000000000000e+00
1.000000000000000000e+00
2.043877857642356632e-01
-3.204352492502930416e-01
1.000000000000000000e+00
1.000000000000000000e+00
-1.000000000000000000e+00
-1.000000000000000000e+00
1.000000000000000000e+00
-1.154017211739777615e-01
9.777333692931567954e-01
4.654637582530709583e-01
7.668888739750633343e-01
1.000000000000000000e+00
1.009902572648355146e-01
5.864331934342658093e-01
1.107792941157279554e-01
8.476468854194441072e-02
-5.152831644530699862e-01
9.449213790700294879e-02
5.145564260449757565e-01
5.746564961420990159e-01
3.049224182377310299e-01
6.104984400303112846e-01
6.190557068663236073e-01
-8.188074295260536761e-01
7.537683218527879703e-02
