-1.980034596358239973e-01
1.000000000000000000e+00
-3.373215259067641192e-03
1.000000000000000000e+00
1.000000000000000000e+00
6.399423925415362868e-01
8.080876951324403312e-02
-4.958143759440253318e-02
4.381446753893536439e-01
4.492807074534737044e-01
1.000000000000000000e+00
9.529487413475995483e-02
-5.903994211450013241e-01
1.000000000000000000e+00
1.586887863915950603e-01
1.088005460850707123e-01
-3.328920035642056185e-01
-4.662292429165277863e-01
-1.000000000000000000e+00
-1.000000000000000000e+00
-4.770467536846629830e-01
7.764588661077385101e-01
6.316404779509768863e-01
2.900832298180816560e-01
-1.000000000000000000e+00
1.000000000000000000e+00
-1.000000000000000000e+00
-1.000000000000000000e+00
7.845970732434550676e-01
-1.000000000000000000e+00
-8.746822336852777546e-01
-2.588708381369645428e-01
-6.051989654181151312e-01
-2.498856078009435988e-01
-2.307391182381013373e-01
-1.000000000000000000e+00
1.000000000000000000e+00
-4.850710891184167872e-01
-9.090395911532211937e-01
7.256007958842525252e-01
9.855503741689373154e-01
4.657774323112521264e-01
6.370421376863063534e-01
2.443118220010465358e-01
-7.302655662299949446e-01
-4.507935924573970299e-01
-1.000000000000000000e+00
1.000000000000000000e+00
6.102504973654336862e-01
1.000000000000000000e+00
1.000000000000000000e+00
-9.304068922774391126e-01
6.161045039165154169e-02
4.183373565288658336e-01
7.893604235060525109e-01
2.894886815779767475e-01
-1.000000000000000000e+00
1.000000000000000000e+00
6.161293788522916870e-01
-7.097006692939217265e-01
5.813292508964996719e-01
-1.000000000000000000e+00
-1.000000000000000000e+00
1.000000000000000000e+00
3.018844767233193060e-01
1.000000000000000000e+00
-3.047758364845742918e-01
2.821991169229797203e-01
1.000000000000000000e+00
7.379109908149654729e-01
-1.617630126972138260e-01
-6.463742148930042841e-01
-1.000000000000000000e+00
3.073515261277863786e-01
-4.493636376078810057e-01
-4.944694763661516834e-01
-4.325128804667270899e-01
-5.561977185384696654e-01
1.000000000000000000e+00
-5.546705155931643816e-01
-2.892656746166029080e-01
7.445957654901194100e-01
2.833698396723839386e-01
-1.000000000000000000e+00
1.000000000000000000e+00
1.000000000000000000e+00
-5.225742408841084208e-01
1.000000000000000000e+00
9.723299805332548396e-02
1.000000000000000000e+00
-1.000000000000000000e+00
-3.770138984522916070e-01
4.182014802369105055e-02
1.000000000000000000e+00
-6.419874462539847393e-01
5.011278826116039031e-01
-2.041724821012891322e-01
1.000000000000000000e+00
1.000000000000000000e+00
-1.000000000000000000e+00
2.855604234152171461e-01
-7.294580899762697079e-01
1.000000000000000000e+00
1.000000000000000000e+00
-8.508207023955021153e-01
1.000000000000000000e+00
1.000000000000000000e+00
1.000000000000000000e+00
1.000000000000000000e+00
3.174817833049241034e-01
-3.644623458114086834e-01
-1.000000000000000000e+00
-7.790332382617726203e-01
1.000000000000000000e+00
-4.495975933626674137e-01
3.254295380854766995e-01
4.118730876204774183e-01
-4.575882398408855356e-01
-4.186806221053326338e-01
-7.393955207035555199e-01
5.634996712003612074e-02
1.000000000000000000e+00
-5.282287502605861329e-01
-5.400382900099214289e-01
-9.731006100758543553e-01
-1.816760582960864623e-01
1.000000000000000000e+00
-9.724446436437901298e-01
-1.000000000000000000e+00
1.000000000000000000e+00
5.397557812185825865e-01
-8.343852480332876187e-01
-1.053642504518798040e-02
-1.000000000000000000e+00
8.545462247609336703e-01
6.443578026205757370e-01
3.692333927627470258e-01
3.586807927181188682e-01
9.656541630298791368e-02
-2.169631388457771148e-02
-6.207627162856605985e-01
-7.425947003285180426e-01
2.014926793428948315e-01
-4.255360947584542752e-01
-5.108725419415222069e-02
-1.854373689859672991e-01
-1.337547604853480399e-01
6.545804554488412474e-01
4.866904414703493442e-01
-7.004477021648308765e-01
-8.637076073712538493e-01
-3.109183929399756963e-01
-7.339059203207591864e-01
1.000000000000000000e+00
5.083377190369539056e-01
1.449155669235355770e-01
-1.000000000000000000e+00
2.104030801026164355e-01
-4.257776786083319331e-01
3.954454819272460453e-01
2.590863652137492257e-01
-1.000000000000000000e+00
-9.348586011205184398e-01
-4.600993444851312342e-01
-7.949683691686143527e-01
-1.000000000000000000e+00
-2.710905830986797271e-01
-7.262610831019923330e-01
1.000000000000000000e+00
-1.000000000000000000e+00
-7.381717563962089113e-01
-2.661773365452418938e-01
1.000000000000000000e+00
-6.293099964942769908e-01
1.000000000000000000e+00
6.460302267866739889e-01
-8.241808930740078809e-01
-3.466086658879389271e-01
-4.960648989659350860e-01
1.393468850921946722e-01
-1.000000000000000000e+00
6.888678920625046498e-01
1.766527397680830447e-01
8.412965908490089850e-01
1.000000000000000000e+00
8.536636245482671637e-01
1.528617196092280639e-01
1.000000000000000000e+00
-6.349577975791544926e-01
-1.248465477921132383e-01
-5.721045758723681818e-01
6.105615436413719399e-03
-8.670803048528503698e-01
-4.717252026001088061e-01
-4.193007174326103814e-01
-1.000000000000000000e+00
1.000000000000000000e+00
1.000000000000000000e+00
5.032596847694766895e-01
5.335511982524743235e-01
3.342512743780337026e-01
1.000000000000000000e+00
-6.241678637921845851e-01
1.000000000000000000e+00
-1.000000000000000000e+00
-6.813071814643442137e-01
6.113362983632300018e-01
-2.685969643575225607e-02
-4.409417472344748234e-02
-4.567746723451008850e-01
-1.000000000000000000e+00
-2.106789430344815361e-01
1.000000000000000000e+00
3.567195630467953071e-01
-1.000000000000000000e+00
8.966124314675206763e-01
-1.338070757055108695e-01
-7.767886839919779796e-01
-1.000000000000000000e+00
-8.876986696974232816e-01
-1.232556367424449406e-01
5.055959076600937685e-01
-5.687806168443723109e-01
9.766786149779591586e-01
-7.357233604204567179e-01
8.259186466462864473e-02
5.928207172866588603e-01
-7.373497831770170485e-02
-9.320764574899540467e-01
-8.722180192642905450e-01
8.033429653940593607e-01
-5.234374266310244384e-01
-3.691258169556976831e-01
2.126487721938787878e-01
-9.210939645516895702e-01
-4.088112152669109989e-02
-4.251570831234927628e-01
4.514092802418185890e-01
-4.419890729940534335e-01
2.537296910593993537e-01
-6.689489042679113151e-01
6.542353821493875898e-01
5.300040949239646082e-01
1.000000000000000000e+00
-1.000000000000000000e+00
-1.000000000000000000e+00
-8.013238976412051517e-01
-1.000000000000000000e+00
-7.540511222733622398e-01
-6.242907920765965457e-01
-1.000000000000000000e+00
-1.799892706966254585e-01
-1.000000000000000000e+00
5.576041691247044518e-01
1.000000000000000000e+00
1.000000000000000000e+00
-6.354121141618487845e-02
-1.000000000000000000e+00
1.000000000000000000e+00
4.459819595207460408e-01
-9.636748480983912124e-01
1.000000000000000000e+00
-1.000000000000000000e+00
-1.000000000000000000e+00
-1.000000000000000000e+00
