1.000000000000000000e+00
1.000000000000000000e+00
-1.000000000000000000e+00
1.000000000000000000e+00
-1.000000000000000000e+00
-1.000000000000000000e+00
-1.000000000000000000e+00
1.000000000000000000e+00
1.000000000000000000e+00
-1.000000000000000000e+00
1.000000000000000000e+00
-1.000000000000000000e+00
-1.000000000000000000e+00
-1.000000000000000000e+00
1.000000000000000000e+00
1.000000000000000000e+00
-5.808025838839437904e-01
1.000000000000000000e+00
1.000000000000000000e+00
1.000000000000000000e+00
-4.845284945451586167e-01
1.000000000000000000e+00
-2.930006896118531046e-02
1.000000000000000000e+00
-1.000000000000000000e+00
-1.000000000000000000e+00
1.000000000000000000e+00
-1.000000000000000000e+00
-1.000000000000000000e+00
-1.000000000000000000e+00
1.000000000000000000e+00
-1.000000000000000000e+00
1.695726313350613967e-01
1.000000000000000000e+00
1.000000000000000000e+00
-1.000000000000000000e+00
-1.000000000000000000e+00
-1.000000000000000000e+00
1.000000000000000000e+00
-1.000000000000000000e+00
-1.000000000000000000e+00
-1.000000000000000000e+00
1.000000000000000000e+00
-2.503862424058820313e-01
-1.000000000000000000e+00
-1.000000000000000000e+00
1.000000000000000000e+00
-1.000000000000000000e+00
-1.000000000000000000e+00
-1.000000000000000000e+00
1.000000000000000000e+00
-1.000000000000000000e+00
1.000000000000000000e+00
-1.000000000000000000e+00
-5.808608320435648675e-01
-1.000000000000000000e+00
1.000000000000000000e+00
1.000000000000000000e+00
7.036588937485515061e-01
4.416939228209953994e-01
1.000000000000000000e+00
1.000000000000000000e+00
-1.000000000000000000e+00
1.000000000000000000e+00
-1.000000000000000000e+00
-1.000000000000000000e+00
1.000000000000000000e+00
-1.000000000000000000e+00
4.651747869763868115e-01
-1.000000000000000000e+00
5.523590250415899572e-01
-1.000000000000000000e+00
-1.000000000000000000e+00
-1.000000000000000000e+00
1.000000000000000000e+00
-1.000000000000000000e+00
1.000000000000000000e+00
-1.000000000000000000e+00
1.000000000000000000e+00
-7.729564484010138514e-01
1.000000000000000000e+00
-6.782800843739198449e-01
-1.000000000000000000e+00
-9.827827937482304099e-01
-1.000000000000000000e+00
9.938842420267457456e-01
-1.000000000000000000e+00
-4.613625545055499710e-01
-1.000000000000000000e+00
1.000000000000000000e+00
-1.000000000000000000e+00
-1.000000000000000000e+00
-7.693915507299007306e-01
-1.000000000000000000e+00
-7.060888465761662180e-01
1.000000000000000000e+00
1.000000000000000000e+00
1.000000000000000000e+00
1.000000000000000000e+00
1.000000000000000000e+00
-1.000000000000000000e+00
-1.000000000000000000e+00
1.000000000000000000e+00
-1.000000000000000000e+00
-6.609062257904183557e-01
1.000000000000000000e+00
1.000000000000000000e+00
1.000000000000000000e+00
6.659805161083806047e-01
1.000000000000000000e+00
8.095775491355585718e-01
1.000000000000000000e+00
1.000000000000000000e+00
1.000000000000000000e+00
4.789824047261019846e-01
-1.000000000000000000e+00
-5.395138525369187477e-01
-1.000000000000000000e+00
-1.000000000000000000e+00
-1.000000000000000000e+00
-1.655507556806521396e-01
-1.000000000000000000e+00
1.000000000000000000e+00
-2.769556503021900484e-01
1.000000000000000000e+00
1.000000000000000000e+00
1.000000000000000000e+00
-1.000000000000000000e+00
1.000000000000000000e+00
-1.000000000000000000e+00
1.000000000000000000e+00
4.863257702668468130e-01
2.488123758087888437e-01
2.780040551744646926e-01
1.000000000000000000e+00
-1.000000000000000000e+00
1.000000000000000000e+00
-1.000000000000000000e+00
1.000000000000000000e+00
-8.044163062735902869e-01
-1.000000000000000000e+00
1.000000000000000000e+00
-1.000000000000000000e+00
-1.000000000000000000e+00
-1.000000000000000000e+00
-1.000000000000000000e+00
7.462099266883404081e-01
-1.000000000000000000e+00
1.000000000000000000e+00
-1.000000000000000000e+00
1.000000000000000000e+00
-1.000000000000000000e+00
-9.410707698513630648e-01
1.000000000000000000e+00
-1.000000000000000000e+00
9.231139701093098449e-01
1.000000000000000000e+00
-1.000000000000000000e+00
1.000000000000000000e+00
1.000000000000000000e+00
1.000000000000000000e+00
1.000000000000000000e+00
-1.000000000000000000e+00
-5.375974685235205275e-01
-1.000000000000000000e+00
1.000000000000000000e+00
1.000000000000000000e+00
-2.978980501546866777e-01
-1.014711333945318428e-01
1.000000000000000000e+00
1.000000000000000000e+00
-1.000000000000000000e+00
-1.000000000000000000e+00
1.000000000000000000e+00
-3.190047336194440364e-01
-1.525372996180877627e-01
-1.000000000000000000e+00
-1.000000000000000000e+00
-1.000000000000000000e+00
1.000000000000000000e+00
1.000000000000000000e+00
1.000000000000000000e+00
1.000000000000000000e+00
-1.000000000000000000e+00
-1.000000000000000000e+00
1.000000000000000000e+00
1.000000000000000000e+00
-1.000000000000000000e+00
-1.000000000000000000e+00
1.000000000000000000e+00
-1.000000000000000000e+00
-1.000000000000000000e+00
-1.000000000000000000e+00
-1.000000000000000000e+00
-1.000000000000000000e+00
-1.000000000000000000e+00
-1.000000000000000000e+00
-1.000000000000000000e+00
-4.752717267587406313e-01
-1.000000000000000000e+00
-1.000000000000000000e+00
-1.000000000000000000e+00
1.000000000000000000e+00
-1.000000000000000000e+00
-1.000000000000000000e+00
1.000000000000000000e+00
-1.000000000000000000e+00
1.000000000000000000e+00
-1.000000000000000000e+00
7.062681446780489924e-01
-8.931962434832176889e-01
1.000000000000000000e+00
2.585895141445165857e-01
8.852892997207369996e-01
7.773580517781394361e-01
-3.495698098195594294e-01
9.346066563483330647e-01
8.072452625415638128e-01
1.000000000000000000e+00
1.429945797899701831e-01
6.412248339595225111e-02
-1.000000000000000000e+00
-1.000000000000000000e+00
1.000000000000000000e+00
6.000000000000000888e-01
-1.000000000000000000e+00
4.497400343123743593e-01
6.668217501766950939e-01
1.000000000000000000e+00
-7.607366410135606438e-01
-6.000000000000000888e-01
9.582932627970929262e-01
-1.000000000000000000e+00
9.705212277554251532e-01
1.000000000000000000e+00
1.000000000000000000e+00
-1.000000000000000000e+00
1.000000000000000000e+00
-1.000000000000000000e+00
-1.000000000000000000e+00
9.554974098785149472e-01
9.885302453607125450e-01
-1.000000000000000000e+00
3.073200629668759731e-02
-4.630245929768554980e-01
2.938841390945488019e-01
-9.003523342775181515e-01
-7.995643594239929541e-01
4.577073882459914422e-01
-3.662021201515486268e-03
-6.810054993679843793e-01
-2.582837609991046612e-01
-6.948494814161825239e-01
-2.228690386950895608e-01
-1.000000000000000000e+00
1.000000000000000000e+00
-6.527513724388235294e-01
-1.000000000000000000e+00
-1.000000000000000000e+00
1.000000000000000000e+00
1.000000000000000000e+00
-1.000000000000000000e+00
-9.222740892383280986e-01
-1.000000000000000000e+00
-1.000000000000000000e+00
