8.824526453650216595e-01
1.000000000000000000e+00
-1.445561110509951952e-01
-6.986705649850338817e-02
1.000000000000000000e+00
-7.501620104212035622e-01
-1.000000000000000000e+00
-2.321957323417524477e-01
8.606731025267562174e-01
-1.000000000000000000e+00
-1.000000000000000000e+00
1.000000000000000000e+00
2.710163734193695717e-01
8.048089929443098534e-01
1.000000000000000000e+00
-7.505149024493102949e-01
7.881182393212204929e-01
-1.000000000000000000e+00
-7.148748389455337193e-01
-1.000000000000000000e+00
-4.123034290831428805e-02
-6.020821386298574884e-01
6.012481121751493962e-01
-1.000000000000000000e+00
2.015687837455906184e-01
-2.177518509068714359e-01
-1.000000000000000000e+00
-1.000000000000000000e+00
-9.687564008249310854e-01
1.000000000000000000e+00
2.335033224337433877e-01
1.613349791047082038e-01
-1.446601376351840662e-01
9.869123365362336697e-01
5.375485165214191063e-01
-1.000000000000000000e+00
4.048225717428321491e-01
-3.898409837805276168e-01
1.000000000000000000e+00
-6.993773296433106190e-02
-1.000000000000000000e+00
1.529059754354507583e-01
-5.343326765452707239e-01
7.387041546641031076e-01
-1.000000000000000000e+00
-3.069935938143243948e-01
1.000000000000000000e+00
8.153502447553990784e-01
-2.443656115872202550e-01
-1.000000000000000000e+00
-6.047481523166164941e-01
1.000000000000000000e+00
1.000000000000000000e+00
1.000000000000000000e+00
1.000000000000000000e+00
4.259547785956263599e-02
-1.000000000000000000e+00
-5.137839082886075381e-02
1.000000000000000000e+00
3.175703996695610765e-01
1.000000000000000000e+00
8.327347087489548327e-01
7.208487251328468126e-01
4.718786146622195865e-01
-6.307726582311705688e-01
1.000000000000000000e+00
8.321390126741388116e-01
-8.645305471543136555e-01
3.398592326571653333e-01
-1.000000000000000000e+00
-2.802075173490919946e-02
1.000000000000000000e+00
-1.000000000000000000e+00
-8.063628460588893043e-01
-9.985475434963705377e-01
-5.731952342910758835e-01
-1.000000000000000000e+00
-1.000000000000000000e+00
1.000000000000000000e+00
4.951400320688950085e-01
-6.000000000000000888e-01
-6.357589588357699384e-01
1.000000000000000000e+00
-2.434706329696419980e-01
-1.000000000000000000e+00
8.978716982407152214e-01
-1.000000000000000000e+00
8.422676290959081324e-01
-1.000000000000000000e+00
6.217028825758458277e-01
-1.000000000000000000e+00
1.753967629188757371e-01
1.781832927943909350e-01
1.174242454081948495e-01
6.671592633009015838e-02
6.000000000000000888e-01
-1.000000000000000000e+00
-5.767305704207525974e-02
9.073639105699414786e-01
4.290755936794794501e-01
1.339286159975728863e-01
1.000000000000000000e+00
9.025341057252752597e-01
1.000000000000000000e+00
-1.000000000000000000e+00
-1.985136370272373163e-01
3.870978104971892209e-01
3.999949623211940253e-02
1.000000000000000000e+00
-1.291077554547010731e-01
-5.803377332246333342e-01
1.000000000000000000e+00
-5.956366812896425333e-01
4.283463033732257674e-01
-1.000000000000000000e+00
-6.035036114205576396e-01
-5.265626885722002326e-01
8.958169751408330272e-01
7.553322022440234207e-01
1.000000000000000000e+00
1.000000000000000000e+00
-1.000000000000000000e+00
9.241219909750890693e-01
-1.000000000000000000e+00
-5.837044014182066753e-01
-2.229422114899661522e-01
1.000000000000000000e+00
1.000000000000000000e+00
6.069083723010753051e-01
3.137870655117647178e-01
-2.830537727085788435e-01
4.715540546338488626e-01
-1.889978006241415376e-01
1.000000000000000000e+00
-5.608051123848601938e-01
-4.085664689491455004e-01
-1.000000000000000000e+00
-9.979317412323152059e-01
-1.000000000000000000e+00
-1.000000000000000000e+00
1.000000000000000000e+00
1.000000000000000000e+00
-1.000000000000000000e+00
1.000000000000000000e+00
1.000000000000000000e+00
7.913319840078175682e-01
-1.000000000000000000e+00
1.000000000000000000e+00
-1.000000000000000000e+00
5.948080217605663522e-01
-9.594650832790672101e-01
-6.285923155788303296e-01
-6.162612352263184823e-01
3.026108388703811491e-01
2.906450042386657939e-01
-7.889302016276620311e-01
6.000000000000000888e-01
-1.100137025184198813e-01
3.624438001790175612e-01
-7.007608842142785122e-01
8.553138502434738388e-01
1.000000000000000000e+00
-1.000000000000000000e+00
-3.281201324516480611e-03
-1.000000000000000000e+00
1.000000000000000000e+00
1.000000000000000000e+00
1.000000000000000000e+00
-7.611185268268662041e-01
6.000000000000000888e-01
1.000000000000000000e+00
3.395016063942273288e-01
4.161934664542205065e-01
1.000000000000000000e+00
-6.198856214098478201e-01
1.000000000000000000e+00
-1.901136109443060107e-01
3.355498136982690838e-01
-1.000000000000000000e+00
-1.000000000000000000e+00
9.014311352563413315e-01
-1.000000000000000000e+00
1.124313630469810643e-01
8.774425704675281601e-02
3.272474930978463981e-01
-5.706837605227569332e-01
-1.000000000000000000e+00
-6.101689573731100547e-01
-1.000000000000000000e+00
-1.000000000000000000e+00
8.116296895628128949e-01
1.000000000000000000e+00
-1.833013465507696838e-01
5.407146675737189989e-01
6.729594081799336047e-01
6.945077829473050857e-01
5.365868625578710249e-01
3.108610682773053635e-01
6.611722148694970658e-01
3.612452908461204482e-01
6.616872857340470038e-01
-1.000000000000000000e+00
1.000000000000000000e+00
-4.615214512842217287e-01
2.970427683386163697e-01
-1.000000000000000000e+00
9.885025522842214030e-02
3.818328077665831821e-01
1.000000000000000000e+00
-1.000000000000000000e+00
-6.344392925410357043e-01
-2.129736133282262855e-01
5.206953682737156530e-01
3.680448247432080433e-02
-4.884429764983288513e-01
-6.611640239557141641e-01
1.527512994367306032e-01
7.432543028438524102e-01
6.939211382079570889e-01
-2.670564939831434614e-01
1.418758323735651583e-01
-1.000000000000000000e+00
-1.000000000000000000e+00
1.000000000000000000e+00
1.000000000000000000e+00
-1.000000000000000000e+00
2.488998358743770012e-01
-1.000000000000000000e+00
1.000000000000000000e+00
-6.071268520667656432e-01
-7.248586195835180490e-01
-9.965399803942558421e-01
5.694001750883483925e-01
-4.855570663679855681e-01
3.346304392807846195e-01
2.818044985617327303e-01
4.419581270722559019e-01
7.171687454524873218e-01
-8.681936615804208834e-01
-8.999297456563744024e-01
6.208967269259051402e-01
2.659117073252972308e-01
-5.125330311656794979e-01
9.629522237074612523e-01
-4.180696625604689576e-01
-3.833562732871036438e-01
2.697573080410875512e-02
-1.187152110985667530e-01
-5.547602607937496266e-02
-4.133357573454121692e-03
8.723286170951600749e-01
-4.897726774450947840e-01
3.924702963314148363e-01
-6.726704415786155522e-02
-3.247327227141074690e-01
-8.823877403753104254e-01
7.254584454194408227e-01
3.027938897175552757e-01
-3.375128825332454063e-01
9.505946531500941710e-01
9.150399084610603140e-01
-6.670429306110139400e-01
5.119488273611820794e-01
-2.967912186561811883e-01
-6.161738397416525181e-01
