3.198188311561889208e-01
3.661476502403810951e-01
6.409978214364597804e-02
7.047995195800644819e-01
-6.292621572500627369e-01
-3.471866694080054661e-01
-3.633225895223866075e-01
-4.950139605429071388e-02
-8.129422090256162026e-01
4.687096091278333265e-01
1.285692542498206858e-01
2.000670886069553234e-01
6.366493086566127335e-01
8.563784829076037663e-01
-7.392778219249755978e-01
4.669214591460664199e-01
-7.591687720598283562e-02
-9.516709923643364988e-01
3.472161475462347546e-01
-6.367889148686567413e-01
1.634972078288392527e-01
-3.873920252470852699e-01
-1.834443095930011758e-01
-9.835496064685680384e-01
9.776031215721723289e-01
-4.908795176194935550e-01
9.048143321002406481e-01
6.663966176390423435e-02
-6.598795682721549927e-01
-8.043453767812998034e-01
3.739417069844461761e-01
1.324745887542497780e-01
1.011411725483009061e-01
6.832207165339241328e-01
1.399813870617940825e-01
2.616835063432167985e-01
-3.051430919824333898e-01
4.374921476406201659e-01
-9.028923965737600810e-02
3.662532203527324448e-02
-2.863856115366054667e-01
6.018508011308509875e-01
-7.102091494458468990e-01
7.249530284497927024e-01
-7.737466251245310733e-01
9.048213188237650417e-01
5.860314637605099630e-01
-5.802072151903083785e-01
-8.268618334074551157e-03
-3.838520750347054200e-01
9.759901530192638397e-02
-6.081255963376950291e-01
6.552720256823936218e-01
-8.999898466465687807e-01
-2.168241828396921811e-01
7.460205459809077233e-02
5.755048149168318083e-01
-4.992749139238996658e-01
3.359377713560107725e-01
-9.139888504836874983e-01
4.821692287343239958e-01
-9.056481381473999726e-01
1.020362038351385614e-02
5.322265250651689872e-01
-3.075585237126077232e-02
2.634184610609413557e-01
-8.163859005944920089e-01
-1.470580377620684942e-01
-6.627895356928712456e-01
6.648880549756799319e-01
5.043866630271394147e-01
-1.031573031311725508e-01
-3.053881524315711360e-01
3.447026491424010075e-01
-2.257287385517914302e-01
9.139980199800323835e-01
-1.621899783724547461e-01
-1.591569016437572870e-01
-4.607790012812067459e-01
4.768280183687423346e-02
4.415032988606828468e-01
-3.417684236393214725e-02
-5.612552893724520597e-01
2.531325837197784256e-01
-9.137660707005168526e-02
8.160873921474520731e-01
-3.777960076901936137e-01
8.669181155764538182e-02
3.693920386838978054e-02
1.126244734491832489e-02
6.400909007771586889e-01
-4.444919833697664746e-01
8.607344005385786367e-01
-6.275592985295650461e-01
-2.490254950716666027e-01
-1.079819174121277037e-01
-6.375076433164941214e-01
-2.466980560619540519e-01
-3.752977198867524233e-01
4.681330207045109049e-01
-2.362680771681380243e-01
1.146913865720065040e-01
-5.307861051397333441e-01
3.576083888331513805e-01
4.519733725914665268e-01
2.448786083636755873e-01
7.403948965126185833e-01
3.063105277382518477e-01
-4.099311221663721749e-01
5.069249228520993356e-01
7.898842887983346106e-01
-5.273209039755542005e-01
3.490038772501249387e-01
-6.394105080729270973e-01
2.144937769385488746e-01
-2.698956083009611540e-01
-4.737805961075245431e-01
-8.896775150890763317e-01
-8.483872805813357232e-01
6.516715998365343321e-01
-1.958846545344172796e-03
8.264768772827157939e-01
-6.042934387543905661e-01
7.931020850826817625e-01
-5.371324963036876454e-01
-6.152931854085501584e-01
-6.174584433848482323e-01
-7.558433428259239140e-01
7.125602976796252541e-02
9.143360100015127667e-01
2.920677295967020193e-01
3.406383509024499823e-01
-6.483591254796816639e-01
8.457166695485087704e-01
8.183299719526557769e-01
7.211770060048128261e-01
1.617035382023379597e-01
-9.331496821397782249e-01
-4.156381750004916054e-01
9.484903574722884922e-01
-6.476516582419611368e-01
-8.022605780813243381e-01
-1.771176737976802862e-01
-5.089562243085903326e-01
-3.641600265983602203e-01
9.900630355988013775e-01
5.761936042227462362e-01
6.247362246648611173e-01
-2.785396429920352634e-01
8.507707818848371240e-01
-6.541270587453995589e-01
-2.040702397329205997e-01
-1.667227912921129818e-01
3.485718570860376619e-01
9.051145575325589832e-01
6.267541561921774473e-05
9.533683400944328312e-01
8.482799013609585437e-01
1.991438518640200606e-01
-5.744551208381329932e-01
-3.037089600437581360e-01
9.099857051268016583e-01
-2.829806336711662151e-01
-8.101361415109389341e-01
-1.233692137469772909e-01
-7.976694265002233220e-01
-7.784200534105796265e-01
-7.625309870542706925e-02
4.668546219066316283e-01
7.351394073562143028e-01
-9.879454623071910468e-01
3.499998530743646530e-01
4.193880308227719844e-01
4.525428152212775945e-01
-3.668744317595777904e-01
-2.525659142015412861e-02
7.076144855881341122e-01
7.437905372133710724e-01
8.710558022097012465e-01
-7.558523327314010665e-01
2.412773690826006678e-01
9.918790049921832885e-01
-6.772926339831752962e-01
8.595304038562423532e-01
8.646412757536254823e-01
1.668839969142821289e-02
-7.391824490114706769e-02
-1.463399327269361283e-01
-7.259869945815058401e-01
-2.343633047856346074e-01
6.255638035404365027e-02
-9.208493182084980244e-01
7.265783220864829861e-01
7.276463016752554580e-03
-9.673078872723068766e-01
8.344246239870625192e-01
6.093748199286670442e-01
-5.032176200396250021e-01
4.504222364472818541e-01
-1.691931241020097065e-01
8.403316273234655576e-01
2.533565541559619216e-01
3.826460680756920141e-01
3.172819100975770024e-01
-1.478857202231100842e-01
-6.358789661043713348e-01
8.197671600860994001e-01
9.960567466339032006e-01
-8.604075192176798836e-01
6.271383469579980829e-01
1.023553789604091518e-01
5.350150508572720787e-01
1.000000000000000000e+00
4.721588659276838018e-01
-5.979960459684969809e-01
-1.000000000000000000e+00
-1.000000000000000000e+00
-7.974218409248968742e-01
7.929234134095741737e-03
-3.830747147412683073e-01
4.567884972165747737e-01
1.000000000000000000e+00
3.963688274171128234e-01
-4.431889680466778447e-01
8.441019037755578269e-01
-1.000000000000000000e+00
-9.817197936513799572e-02
8.268417202599986915e-01
-3.637111355881330610e-01
1.000000000000000000e+00
7.884433453639868583e-01
-1.000000000000000000e+00
-3.139888696071552188e-01
-6.000000000000000888e-01
-9.000210201724359038e-01
-2.549023418742150104e-01
1.000000000000000000e+00
1.000000000000000000e+00
1.000000000000000000e+00
4.824306378059109446e-01
7.766458974351120315e-01
5.493678757324369499e-01
-1.000000000000000000e+00
3.753788006805007793e-01
3.105455822801341248e-01
-1.000000000000000000e+00
-1.256012517278567997e-01
1.000000000000000000e+00
1.000000000000000000e+00
1.000000000000000000e+00
-1.000000000000000000e+00
-1.000000000000000000e+00
-1.000000000000000000e+00
-1.000000000000000000e+00
1.000000000000000000e+00
-3.803903893453658425e-01
-6.100093538056702291e-01
3.599035273846066044e-03
1.000000000000000000e+00
-3.789938475721545408e-01
-2.886316703694055130e-01
-2.152208943725032464e-01
1.531797913827507851e-01
4.831276354987820154e-01
-5.399165444386355706e-01
