3.959985631139609774e-01
-6.137039476774663882e-01
1.000000000000000000e+00
4.995673792083026310e-01
7.779996186869915231e-01
1.000000000000000000e+00
-1.000000000000000000e+00
-2.377793696780686195e-01
-1.163460434974264851e-01
-1.000000000000000000e+00
1.000000000000000000e+00
1.000000000000000000e+00
-7.025311977307348021e-01
6.543866406764222710e-01
-6.000000000000000888e-01
-1.000000000000000000e+00
-1.000000000000000000e+00
-1.000000000000000000e+00
-1.000000000000000000e+00
-6.713016574402538850e-02
-1.000000000000000000e+00
2.686391436361306173e-01
5.984766238850584008e-01
9.882690520091090836e-01
1.000000000000000000e+00
-3.252267949069175823e-01
-1.000000000000000000e+00
2.501294445571206060e-02
-1.000000000000000000e+00
-1.000000000000000000e+00
-4.279826321219351581e-01
1.000000000000000000e+00
4.683558949744966449e-01
-2.543386342434655889e-02
8.842896106311427529e-01
1.000000000000000000e+00
-1.000000000000000000e+00
-7.500088704522126504e-01
7.255626117595990188e-01
-1.364704053269635287e-01
-1.000000000000000000e+00
-2.755370070804432081e-01
6.699699581083307098e-01
1.000000000000000000e+00
-1.000000000000000000e+00
-9.116222601551906557e-01
1.000000000000000000e+00
1.000000000000000000e+00
1.000000000000000000e+00
-1.000000000000000000e+00
-5.745784381295035992e-01
-5.657672858721547460e-01
-1.008978701314506010e-01
-2.769336967470288347e-01
1.000000000000000000e+00
-1.000000000000000000e+00
-1.000000000000000000e+00
1.000000000000000000e+00
-5.071573906967737910e-01
-1.000000000000000000e+00
1.000000000000000000e+00
4.056761100664352249e-01
1.000000000000000000e+00
9.772323229971838776e-01
-8.094547083866225901e-01
1.000000000000000000e+00
8.289468716169137164e-01
2.497031632070596807e-01
-2.785832579667653630e-01
-1.000000000000000000e+00
1.000000000000000000e+00
-1.000000000000000000e+00
-6.822042615557457612e-01
1.000000000000000000e+00
-5.891345047466415297e-01
-7.445109577356348041e-01
-7.935386652792573159e-01
1.000000000000000000e+00
-3.552287526742744506e-01
-6.000000000000000888e-01
-1.048012509709901202e-01
-1.000000000000000000e+00
-1.000000000000000000e+00
-1.000000000000000000e+00
-5.113738402183780618e-01
4.212122182517306634e-01
1.000000000000000000e+00
1.000000000000000000e+00
1.000000000000000000e+00
6.567011570144984378e-03
-1.000000000000000000e+00
8.904439291162725700e-01
6.685628667076279896e-01
1.000000000000000000e+00
-1.000000000000000000e+00
1.160245014559893872e-01
-8.715706629203260336e-01
-1.000000000000000000e+00
1.000000000000000000e+00
-1.000000000000000000e+00
-1.000000000000000000e+00
9.379861593489887683e-01
3.760971133382012277e-01
-7.710082330337775236e-01
-1.000000000000000000e+00
-1.000000000000000000e+00
1.778117465844510081e-02
-1.000000000000000000e+00
1.000000000000000000e+00
-5.078796284209508016e-01
1.797119740461863013e-01
-1.000000000000000000e+00
-1.000000000000000000e+00
1.000000000000000000e+00
1.000000000000000000e+00
7.016687548163779153e-01
5.390729183932407853e-01
-9.828030130363107908e-01
1.000000000000000000e+00
3.906552291383074138e-01
-1.000000000000000000e+00
7.258305653135470603e-01
9.814032294268750789e-01
-9.074888891318954043e-01
-1.000000000000000000e+00
1.000000000000000000e+00
-1.000000000000000000e+00
-1.000000000000000000e+00
-9.722434884942041666e-01
1.644467150001688582e-01
5.468016784715350881e-02
-8.608533672308534834e-01
3.960612264507080704e-01
1.000000000000000000e+00
1.000000000000000000e+00
1.000000000000000000e+00
-1.000000000000000000e+00
-1.000000000000000000e+00
-1.000000000000000000e+00
-1.000000000000000000e+00
-7.347751146944319078e-01
-1.000000000000000000e+00
1.000000000000000000e+00
7.606567988868747632e-01
1.000000000000000000e+00
-2.609545878681297504e-01
-8.113812150476372720e-01
-8.472237020721666845e-01
1.000000000000000000e+00
-2.429240120565829553e-01
-1.000000000000000000e+00
1.000000000000000000e+00
-1.000000000000000000e+00
6.204960333951284879e-01
-2.643638938337792288e-01
8.725472401746661166e-01
-1.000000000000000000e+00
1.000000000000000000e+00
1.000000000000000000e+00
1.000000000000000000e+00
-8.769422083386873013e-01
5.099189686602496607e-01
9.393003675944200381e-03
1.000000000000000000e+00
1.000000000000000000e+00
7.282804787966665749e-01
-7.941279051278807843e-01
-4.163515728177957231e-01
-1.000000000000000000e+00
-1.000000000000000000e+00
-4.770322538421568614e-01
-1.000000000000000000e+00
1.121003227894816767e-01
-1.000000000000000000e+00
4.022814447808920058e-01
1.000000000000000000e+00
-1.692544832335802774e-01
-8.886899898311703128e-01
5.159285160823892102e-01
4.970134818975415203e-01
1.000000000000000000e+00
1.000000000000000000e+00
1.000000000000000000e+00
-1.000000000000000000e+00
2.788359798970516668e-01
6.954358737213529595e-01
1.000000000000000000e+00
1.000000000000000000e+00
-1.000000000000000000e+00
1.000000000000000000e+00
2.242770265468017055e-01
-5.370785660910850634e-01
1.000000000000000000e+00
5.946006074705754152e-01
1.000000000000000000e+00
6.395551839626584245e-02
-1.000000000000000000e+00
1.000000000000000000e+00
-7.646913916812964063e-01
5.886854733670203732e-01
-6.469467695855873890e-01
2.955053277679391410e-01
-1.000000000000000000e+00
-1.715545436398697721e-01
-1.000000000000000000e+00
-1.000000000000000000e+00
-8.001499099672730875e-01
-1.562245604525276110e-01
-1.000000000000000000e+00
7.925821916815662949e-01
1.000000000000000000e+00
1.000000000000000000e+00
-1.000000000000000000e+00
1.000000000000000000e+00
1.000000000000000000e+00
1.000000000000000000e+00
6.000000000000000888e-01
3.437830999398788778e-01
1.000000000000000000e+00
1.000000000000000000e+00
-3.458687074747121559e-01
-6.742710737055077619e-01
-3.540585703899143954e-01
1.535491976663188041e-01
1.000000000000000000e+00
-9.945756659836273439e-01
4.103716026722739607e-01
-8.913232913494667509e-01
5.291586155019061266e-01
-9.451951437042410697e-01
5.064651418897926638e-02
7.250022311918509210e-01
-1.000000000000000000e+00
1.000000000000000000e+00
1.000000000000000000e+00
-1.000000000000000000e+00
-6.000000000000000888e-01
3.014858349441569829e-01
1.000000000000000000e+00
-1.000000000000000000e+00
-8.102549089548851668e-01
-1.000000000000000000e+00
-1.000000000000000000e+00
-2.607644652337779423e-01
7.801708203113586482e-01
8.761807704324546808e-01
7.772055358217677679e-03
-7.365872212226647342e-01
-6.471990175872743833e-01
-7.769207700161055996e-01
3.346381712998178770e-01
8.486053972633189613e-01
-3.592710074482075022e-01
-2.614946228558800989e-01
-2.899732699579196105e-01
-5.092721525264155558e-01
-5.634922024000081908e-01
-1.000000000000000000e+00
-1.000000000000000000e+00
1.000000000000000000e+00
7.747147700473322462e-01
7.258188745307964096e-02
-1.000000000000000000e+00
4.237266921392550123e-01
1.000000000000000000e+00
