1.000000000000000000e+00
-8.957798333569916283e-01
-1.981783486870764555e-01
1.000000000000000000e+00
1.000000000000000000e+00
5.729655555728995209e-01
1.000000000000000000e+00
1.000000000000000000e+00
-1.000000000000000000e+00
1.000000000000000000e+00
8.564619242765930673e-01
1.000000000000000000e+00
8.043571388352194207e-01
9.063350178760852804e-01
6.674116370864870973e-01
1.000000000000000000e+00
-1.000000000000000000e+00
1.000000000000000000e+00
-3.831917891674955778e-01
1.000000000000000000e+00
-4.799736684603991277e-01
1.000000000000000000e+00
9.238729559985453532e-01
8.809946864501131403e-01
-1.000000000000000000e+00
-7.533017271099197165e-01
1.000000000000000000e+00
4.655987524355222895e-01
-1.000000000000000000e+00
1.000000000000000000e+00
-1.000000000000000000e+00
3.334731525541893005e-01
1.000000000000000000e+00
-1.000000000000000000e+00
1.000000000000000000e+00
-1.000000000000000000e+00
-4.554278282364827568e-01
2.705311864111445974e-01
1.000000000000000000e+00
-5.723576011418252119e-01
-1.000000000000000000e+00
-1.000000000000000000e+00
-1.000000000000000000e+00
-2.033858836148161320e-01
-1.000000000000000000e+00
7.659156813436155398e-01
5.071109250130247936e-01
-1.000000000000000000e+00
-7.609587920697139518e-01
-1.000000000000000000e+00
-3.431660071568246040e-01
-8.390300317530942076e-01
-1.000000000000000000e+00
-1.000000000000000000e+00
1.000000000000000000e+00
1.000000000000000000e+00
1.000000000000000000e+00
1.000000000000000000e+00
-1.000000000000000000e+00
-1.000000000000000000e+00
-5.606254912350512321e-01
1.000000000000000000e+00
6.362881994222425730e-01
-6.004821617178065507e-01
-1.000000000000000000e+00
1.000000000000000000e+00
-1.000000000000000000e+00
1.000000000000000000e+00
-1.000000000000000000e+00
-8.353874883844560895e-01
-1.000000000000000000e+00
-1.000000000000000000e+00
1.000000000000000000e+00
1.000000000000000000e+00
-1.000000000000000000e+00
1.000000000000000000e+00
-1.000000000000000000e+00
-1.000000000000000000e+00
-4.378635743314426843e-01
9.862223597040724599e-01
1.000000000000000000e+00
-1.000000000000000000e+00
-1.000000000000000000e+00
1.000000000000000000e+00
-9.762056100929015212e-01
1.000000000000000000e+00
-1.000000000000000000e+00
-1.000000000000000000e+00
-1.000000000000000000e+00
-1.000000000000000000e+00
-1.000000000000000000e+00
-1.000000000000000000e+00
-1.000000000000000000e+00
-1.000000000000000000e+00
-4.697646568202988870e-01
-1.000000000000000000e+00
6.434278230686284461e-01
-1.107469484656934261e-01
1.000000000000000000e+00
4.004737909157789905e-02
-8.620824490086664849e-01
-1.000000000000000000e+00
-1.000000000000000000e+00
-1.000000000000000000e+00
-1.000000000000000000e+00
-1.000000000000000000e+00
-1.000000000000000000e+00
-1.000000000000000000e+00
1.000000000000000000e+00
1.000000000000000000e+00
-9.566953919530791772e-01
-1.000000000000000000e+00
1.000000000000000000e+00
1.000000000000000000e+00
-5.322435693006566382e-01
1.000000000000000000e+00
1.000000000000000000e+00
1.000000000000000000e+00
-1.000000000000000000e+00
1.000000000000000000e+00
-1.000000000000000000e+00
1.000000000000000000e+00
-5.760581959679531572e-01
-1.000000000000000000e+00
1.000000000000000000e+00
1.000000000000000000e+00
9.292031910372595682e-01
1.000000000000000000e+00
-1.000000000000000000e+00
-1.000000000000000000e+00
-8.230525389534637526e-01
-8.180160803556119076e-01
5.479601985872265546e-01
-1.000000000000000000e+00
-1.000000000000000000e+00
4.924741443187037326e-01
-9.100195587870679725e-01
1.000000000000000000e+00
8.135734963549532406e-01
-1.000000000000000000e+00
-1.661349286269044878e-01
-6.800000000000000488e-01
1.000000000000000000e+00
1.000000000000000000e+00
-1.000000000000000000e+00
-1.000000000000000000e+00
-9.109664220402776680e-01
-9.016265413669921625e-01
1.880135141165241441e-01
1.000000000000000000e+00
3.199923426701428708e-01
1.000000000000000000e+00
1.000000000000000000e+00
1.000000000000000000e+00
-1.000000000000000000e+00
-8.646668646500024202e-01
1.000000000000000000e+00
1.000000000000000000e+00
1.000000000000000000e+00
-1.000000000000000000e+00
1.000000000000000000e+00
1.000000000000000000e+00
1.000000000000000000e+00
-1.000000000000000000e+00
-1.832360968428646819e-01
-8.528468835161175932e-01
-1.000000000000000000e+00
8.683566059501679479e-01
1.000000000000000000e+00
-1.000000000000000000e+00
4.008566460567875578e-01
-1.000000000000000000e+00
-1.238854449096538912e-01
7.480151177019498387e-01
-2.317149563447777338e-01
6.943411926376134025e-01
1.000000000000000000e+00
3.597910221823132915e-01
-1.000000000000000000e+00
1.000000000000000000e+00
-9.708899296187486483e-01
4.802424918088029071e-01
-5.337663615747726409e-01
1.074668805515223979e-01
-1.000000000000000000e+00
-1.000000000000000000e+00
-9.232000000000000206e-01
1.000000000000000000e+00
9.348986702041663932e-01
-1.000000000000000000e+00
6.322454696711707900e-01
-1.000000000000000000e+00
-8.371923113291863672e-01
3.119900528093633163e-02
1.000000000000000000e+00
-1.000000000000000000e+00
-1.000000000000000000e+00
-7.660013903611593289e-01
1.000000000000000000e+00
-7.234665769005603764e-01
1.000000000000000000e+00
9.293611360484822503e-01
-1.000000000000000000e+00
9.272473380472565641e-01
-1.000000000000000000e+00
-8.650128326458453865e-01
7.419682484741816353e-01
-1.000000000000000000e+00
-9.791762726891910518e-01
-1.000000000000000000e+00
-3.740624340523370783e-01
1.000000000000000000e+00
1.000000000000000000e+00
1.000000000000000000e+00
1.000000000000000000e+00
-3.243813821036403144e-01
-1.000000000000000000e+00
-1.000000000000000000e+00
1.000000000000000000e+00
1.000000000000000000e+00
4.901535914081358580e-01
-1.000000000000000000e+00
-1.000000000000000000e+00
1.000000000000000000e+00
-1.000000000000000000e+00
-1.000000000000000000e+00
1.000000000000000000e+00
-2.649381664471782138e-01
7.711408241924369023e-01
-4.772265679499608226e-01
-1.000000000000000000e+00
1.000000000000000000e+00
1.000000000000000000e+00
8.700564420991763193e-01
-3.189134283389295499e-01
1.000000000000000000e+00
-6.430598357305504775e-01
-1.000000000000000000e+00
-1.000000000000000000e+00
1.000000000000000000e+00
-1.357369911885306646e-01
-7.175009572055465190e-01
-1.000000000000000000e+00
1.000000000000000000e+00
7.601556814466590151e-01
-1.000000000000000000e+00
-9.102549069886790578e-01
-1.000000000000000000e+00
1.000000000000000000e+00
1.000000000000000000e+00
-7.795420374051789114e-01
-7.723951174240959450e-01
1.000000000000000000e+00
7.556674714339769450e-01
-1.000000000000000000e+00
-1.000000000000000000e+00
1.000000000000000000e+00
1.000000000000000000e+00
-2.726302238622660967e-01
1.000000000000000000e+00
-9.852146909541771302e-01
-9.252209574643044387e-01
-8.525764720213460102e-01
6.253788607233555785e-01
1.000000000000000000e+00
