7.075887742604229924e-01
1.000000000000000000e+00
1.000000000000000000e+00
9.358431726762854730e-01
1.000000000000000000e+00
-8.505805476126913067e-01
1.000000000000000000e+00
4.307451365099835838e-01
-9.488569532535013895e-01
-3.652942516711500387e-01
7.573295674741568062e-01
-1.000000000000000000e+00
-2.494624802135354813e-01
-1.000000000000000000e+00
1.000000000000000000e+00
1.000000000000000000e+00
1.000000000000000000e+00
-1.000000000000000000e+00
-1.000000000000000000e+00
1.000000000000000000e+00
-8.075554504583160043e-01
6.800000000000000488e-01
1.000000000000000000e+00
9.731318748166881694e-01
-1.000000000000000000e+00
1.000000000000000000e+00
-1.000000000000000000e+00
1.000000000000000000e+00
1.000000000000000000e+00
1.000000000000000000e+00
1.000000000000000000e+00
1.549886796679592338e-01
1.000000000000000000e+00
1.000000000000000000e+00
-1.000000000000000000e+00
7.513187468762090315e-01
-1.000000000000000000e+00
1.000000000000000000e+00
-1.000000000000000000e+00
-1.000000000000000000e+00
-1.000000000000000000e+00
-6.816164734765017830e-01
5.174726254973647244e-01
1.000000000000000000e+00
-6.780809648059354933e-01
1.000000000000000000e+00
-3.668520971684978704e-01
-1.000000000000000000e+00
-1.000000000000000000e+00
-1.000000000000000000e+00
1.000000000000000000e+00
1.000000000000000000e+00
1.188549696522209764e-01
1.000000000000000000e+00
-1.000000000000000000e+00
1.000000000000000000e+00
-2.364299819961611093e-01
-1.000000000000000000e+00
-1.000000000000000000e+00
-1.000000000000000000e+00
-1.000000000000000000e+00
1.000000000000000000e+00
-1.000000000000000000e+00
-1.000000000000000000e+00
-4.011032885199422027e-01
-5.414220011664494514e-01
-6.006251605521993886e-01
1.124378999013346259e-01
1.000000000000000000e+00
-1.000000000000000000e+00
1.000000000000000000e+00
-1.000000000000000000e+00
6.181501811462173368e-01
-1.000000000000000000e+00
-1.000000000000000000e+00
-5.815077777816582971e-01
-1.000000000000000000e+00
-1.000000000000000000e+00
8.863911534736355069e-01
-1.000000000000000000e+00
8.644311749577386905e-01
3.186244894251175630e-01
7.748997329268645373e-01
-1.000000000000000000e+00
-1.000000000000000000e+00
1.000000000000000000e+00
-1.000000000000000000e+00
-8.456959493980940046e-01
1.000000000000000000e+00
1.000000000000000000e+00
1.000000000000000000e+00
-1.000000000000000000e+00
6.738696572147027108e-01
1.000000000000000000e+00
6.116063151881993010e-01
9.001373251200306402e-01
9.925518528305758981e-01
-1.000000000000000000e+00
-1.000000000000000000e+00
-1.000000000000000000e+00
-1.000000000000000000e+00
-5.382196190547966497e-01
-6.467317638497106502e-01
-7.890696192734765191e-01
1.000000000000000000e+00
1.000000000000000000e+00
1.000000000000000000e+00
-1.000000000000000000e+00
-1.000000000000000000e+00
1.000000000000000000e+00
-8.938209188854063791e-01
1.000000000000000000e+00
1.000000000000000000e+00
-1.000000000000000000e+00
1.000000000000000000e+00
1.000000000000000000e+00
-1.000000000000000000e+00
1.000000000000000000e+00
2.053757290199909047e-01
-1.000000000000000000e+00
9.200000000000000400e-01
-1.000000000000000000e+00
-1.000000000000000000e+00
7.719827911034772283e-01
1.000000000000000000e+00
-3.165298039961100818e-02
1.000000000000000000e+00
9.200000000000000400e-01
-1.000000000000000000e+00
-9.530669127267509255e-01
-1.000000000000000000e+00
-2.251101930395489614e-01
3.403636581051133758e-01
1.000000000000000000e+00
-1.000000000000000000e+00
9.945736271762484204e-01
-1.000000000000000000e+00
-1.000000000000000000e+00
-1.000000000000000000e+00
7.515839998456159687e-01
1.000000000000000000e+00
-1.000000000000000000e+00
-1.000000000000000000e+00
1.000000000000000000e+00
-1.000000000000000000e+00
1.000000000000000000e+00
-9.860762023894827921e-01
-1.000000000000000000e+00
-1.000000000000000000e+00
1.000000000000000000e+00
1.000000000000000000e+00
1.000000000000000000e+00
-1.000000000000000000e+00
-1.000000000000000000e+00
1.000000000000000000e+00
6.503356503589607929e-01
-1.000000000000000000e+00
-7.873571988542666933e-01
1.000000000000000000e+00
1.000000000000000000e+00
-1.000000000000000000e+00
-9.959402143588871326e-01
1.000000000000000000e+00
-8.204861255905959716e-01
-1.000000000000000000e+00
-1.000000000000000000e+00
-1.000000000000000000e+00
1.000000000000000000e+00
8.107803195527221174e-01
-1.000000000000000000e+00
1.000000000000000000e+00
1.000000000000000000e+00
1.000000000000000000e+00
1.000000000000000000e+00
7.427676808822663013e-01
4.669215264238544272e-01
-1.000000000000000000e+00
-1.000000000000000000e+00
3.386026327994194340e-01
1.000000000000000000e+00
-1.000000000000000000e+00
9.537183214447583213e-01
1.000000000000000000e+00
1.000000000000000000e+00
1.000000000000000000e+00
9.948489585357377374e-01
9.782463218631461954e-01
-1.000000000000000000e+00
-1.000000000000000000e+00
1.000000000000000000e+00
-1.000000000000000000e+00
1.000000000000000000e+00
-4.616077942305368831e-02
4.462803880341757456e-01
-1.000000000000000000e+00
-1.000000000000000000e+00
1.000000000000000000e+00
-1.000000000000000000e+00
1.000000000000000000e+00
1.000000000000000000e+00
6.000000000000000888e-01
1.000000000000000000e+00
6.800000000000000488e-01
-1.000000000000000000e+00
1.000000000000000000e+00
1.000000000000000000e+00
-1.000000000000000000e+00
-1.000000000000000000e+00
1.000000000000000000e+00
1.000000000000000000e+00
-1.000000000000000000e+00
1.000000000000000000e+00
-6.857483294728550227e-01
1.000000000000000000e+00
1.000000000000000000e+00
-1.000000000000000000e+00
-1.000000000000000000e+00
-9.816345275157871697e-01
5.891321215313898296e-01
-9.455293555187623822e-01
-1.000000000000000000e+00
1.000000000000000000e+00
1.000000000000000000e+00
1.000000000000000000e+00
1.000000000000000000e+00
-1.000000000000000000e+00
1.000000000000000000e+00
9.177661437540587941e-02
1.000000000000000000e+00
-4.890962702162935383e-01
-9.404304808717849351e-01
-6.752871747049078444e-01
1.000000000000000000e+00
1.000000000000000000e+00
-7.505573354562959931e-01
-1.000000000000000000e+00
1.000000000000000000e+00
-1.000000000000000000e+00
1.000000000000000000e+00
-1.000000000000000000e+00
-1.000000000000000000e+00
1.000000000000000000e+00
-1.000000000000000000e+00
1.000000000000000000e+00
-1.000000000000000000e+00
-1.000000000000000000e+00
1.000000000000000000e+00
-1.000000000000000000e+00
-1.000000000000000000e+00
-1.000000000000000000e+00
-1.000000000000000000e+00
-8.211089949834227131e-02
8.047265703786862234e-01
-1.000000000000000000e+00
-1.000000000000000000e+00
-6.800000000000000488e-01
1.000000000000000000e+00
-1.000000000000000000e+00
-1.000000000000000000e+00
1.000000000000000000e+00
-6.753707432811935085e-01
-1.000000000000000000e+00
9.866107003504455131e-01
1.000000000000000000e+00
1.000000000000000000e+00
