-8.610014386258556529e-01
-2.521325334497999671e-01
7.470125599140123862e-01
-9.200000000000000400e-01
-1.000000000000000000e+00
1.000000000000000000e+00
-5.896471704643048151e-01
-1.000000000000000000e+00
-1.000000000000000000e+00
1.000000000000000000e+00
-8.431407618029735929e-01
-9.914211256950642426e-01
1.000000000000000000e+00
1.000000000000000000e+00
-7.958409850543439745e-01
-1.000000000000000000e+00
7.914219647752014364e-01
7.049249789218545725e-01
1.000000000000000000e+00
1.000000000000000000e+00
6.831627556727392081e-01
-1.000000000000000000e+00
-8.623972987596657536e-01
4.287244944319743567e-01
1.294663538567781824e-01
3.725518372268515899e-01
1.000000000000000000e+00
6.000000000000000888e-01
5.564061479660779019e-01
-7.125903125755764234e-02
6.353100192437535210e-01
1.000000000000000000e+00
7.702880064175657848e-01
-7.286383205109165928e-01
-8.481911669528947872e-02
3.812585925074153392e-01
-8.982840379497969430e-01
1.000000000000000000e+00
1.000000000000000000e+00
-7.458458798001514900e-01
-8.519425147652368580e-01
1.000000000000000000e+00
-1.000000000000000000e+00
-4.625282498479773574e-01
5.064314301783825467e-01
-5.285792858382534765e-02
8.815219454493603557e-01
8.759446711115698170e-01
1.000000000000000000e+00
1.000000000000000000e+00
-1.000000000000000000e+00
-7.655916742257775631e-01
-1.000000000000000000e+00
1.000000000000000000e+00
1.000000000000000000e+00
-4.289641324348009155e-01
-1.000000000000000000e+00
-1.000000000000000000e+00
-1.000000000000000000e+00
-1.000000000000000000e+00
-4.990088742076614903e-01
-8.594712107704636228e-01
-6.365345768254830894e-01
1.000000000000000000e+00
-6.837892763725159639e-01
1.000000000000000000e+00
9.201140022030952492e-01
-8.446908961946120176e-01
1.000000000000000000e+00
9.939767705240601936e-01
-1.000000000000000000e+00
-1.000000000000000000e+00
-1.000000000000000000e+00
1.000000000000000000e+00
1.000000000000000000e+00
6.000000000000000888e-01
-8.980478607428485915e-01
-1.000000000000000000e+00
-9.290233524601825277e-01
4.118278217577520106e-01
-3.153803324636497152e-01
-6.000000000000000888e-01
1.000000000000000000e+00
1.000000000000000000e+00
6.145940266244983574e-01
-2.167819125873656771e-01
-1.000000000000000000e+00
-1.000000000000000000e+00
1.000000000000000000e+00
-1.000000000000000000e+00
1.185376999489430039e-01
7.306433123640673211e-01
-5.811189273932689803e-01
6.000000000000000888e-01
1.000000000000000000e+00
5.552111177625926874e-01
1.000000000000000000e+00
-7.616908331083680483e-01
1.000000000000000000e+00
-8.136868132144789989e-01
-1.000000000000000000e+00
8.544589848775249186e-01
6.000000000000000888e-01
-1.000000000000000000e+00
1.224470956911985070e-01
-8.272151857535007258e-01
-9.963332026084388282e-01
-9.857237052689107326e-01
-1.000000000000000000e+00
1.000000000000000000e+00
8.514676368840490284e-01
8.856290946828009325e-01
-1.000000000000000000e+00
-1.000000000000000000e+00
8.926456023269457862e-01
-1.000000000000000000e+00
-6.000000000000000888e-01
1.000000000000000000e+00
3.190651487610851600e-01
1.000000000000000000e+00
-1.000000000000000000e+00
-1.827127443459244382e-01
-9.726766967770958949e-01
7.011214123668324527e-01
7.916742402615742913e-01
2.240794690227849162e-01
-1.000000000000000000e+00
-8.806647394317742572e-01
8.994169333824874046e-01
-6.124753254504882172e-01
2.156110145394962152e-01
-1.000000000000000000e+00
-6.302657600912033864e-01
4.896012484333951420e-01
1.000000000000000000e+00
1.000000000000000000e+00
8.157020198555084978e-01
-1.000000000000000000e+00
9.339105802169209714e-01
-4.258082774741775989e-01
1.665645866130863184e-02
-5.189722259506648339e-01
-1.000000000000000000e+00
5.389724397582396076e-01
-1.000000000000000000e+00
9.338944808597356984e-01
-1.000000000000000000e+00
9.488285101718070269e-01
1.798831728483677450e-01
2.270674033673142078e-01
1.000000000000000000e+00
-2.119311526784844746e-01
-2.863595567327589242e-01
-1.000000000000000000e+00
-9.271976405128563581e-01
-5.890619457034965700e-01
-1.000000000000000000e+00
9.972235853388591309e-01
1.000000000000000000e+00
1.000000000000000000e+00
1.000000000000000000e+00
8.884511736117830516e-01
-1.000000000000000000e+00
3.569259479327477336e-01
1.000000000000000000e+00
-1.000000000000000000e+00
9.940007708732677694e-01
-1.000000000000000000e+00
9.381909761941503723e-01
1.000000000000000000e+00
1.000000000000000000e+00
1.000000000000000000e+00
9.379861539913187940e-01
-1.000000000000000000e+00
1.000000000000000000e+00
-1.000000000000000000e+00
-1.000000000000000000e+00
-1.000000000000000000e+00
1.000000000000000000e+00
1.000000000000000000e+00
-1.000000000000000000e+00
1.000000000000000000e+00
8.337038697336934812e-02
-1.000000000000000000e+00
-1.000000000000000000e+00
1.000000000000000000e+00
1.000000000000000000e+00
7.384898868208390477e-01
1.000000000000000000e+00
-1.797496784133543468e-01
1.000000000000000000e+00
-8.341344998510107356e-01
7.553040891971142257e-01
-5.227800780668661051e-01
-6.176624837295658921e-01
-1.000000000000000000e+00
1.000000000000000000e+00
6.000000000000000888e-01
3.134193762350597767e-01
2.425407113237338375e-01
-1.888107118133855733e-01
-1.000000000000000000e+00
-1.000000000000000000e+00
1.000000000000000000e+00
2.518905965069462294e-02
-1.000000000000000000e+00
9.886806055685676276e-01
-1.000000000000000000e+00
1.000000000000000000e+00
3.379042079547394106e-01
-1.000000000000000000e+00
1.000000000000000000e+00
-1.000000000000000000e+00
8.975872980715285943e-01
-6.000000000000000888e-01
9.999820881233215664e-01
-9.411913760950048058e-01
1.000000000000000000e+00
5.560687455694430792e-01
-1.000000000000000000e+00
-9.797779373147923465e-01
5.210767829317382027e-01
1.000000000000000000e+00
-5.799052272306230993e-01
8.897805364822396479e-01
-8.719731248314912531e-01
-1.377741172578343387e-01
-9.744987828945829156e-01
-8.000405289223360139e-01
1.000000000000000000e+00
-2.868733071317516869e-01
8.762146262127836760e-01
-1.000000000000000000e+00
1.000000000000000000e+00
1.000000000000000000e+00
3.235827564977392656e-01
-1.000000000000000000e+00
1.000000000000000000e+00
1.000000000000000000e+00
1.000000000000000000e+00
-1.000000000000000000e+00
4.851014889547762277e-01
1.000000000000000000e+00
6.306974026350353757e-02
-1.000000000000000000e+00
-8.173823442841813280e-01
9.327868295534456067e-01
1.000000000000000000e+00
-2.427395230263274528e-01
6.798848147107325879e-01
1.000000000000000000e+00
1.000000000000000000e+00
-1.000000000000000000e+00
-5.611655068392166212e-01
-1.000000000000000000e+00
3.752154471630935184e-01
1.000000000000000000e+00
1.000000000000000000e+00
8.780850112137436048e-01
1.000000000000000000e+00
6.761026856378686833e-01
-1.000000000000000000e+00
-1.000000000000000000e+00
9.396906146606026633e-01
-8.077849825668748096e-01
