-5.984467999510392211e-01
-9.671244548927915297e-01
1.000000000000000000e+00
-8.559736340316895786e-01
1.000000000000000000e+00
1.123296257305910900e-01
5.293045122684471027e-01
-1.290187542186801706e-01
-2.912166153705244565e-01
-3.500099261534944661e-01
7.374957234615964197e-01
-4.269968303138819699e-01
-6.692681182201640766e-01
1.000000000000000000e+00
-1.000000000000000000e+00
1.960423426790636470e-01
1.000000000000000000e+00
1.000000000000000000e+00
7.223029908706244395e-01
1.000000000000000000e+00
5.824383181032416479e-02
1.000000000000000000e+00
5.131619307973969146e-01
-1.000000000000000000e+00
-5.009348962441806385e-02
4.428886674010537594e-01
-6.547780296220947482e-01
-7.766171328316227029e-01
7.249425695528289859e-01
2.219446732372995779e-01
-5.803695848487619990e-01
-1.000000000000000000e+00
-8.181824156310640861e-01
-1.000000000000000000e+00
1.000000000000000000e+00
4.715464397763208249e-01
4.351533700166480556e-01
8.921887706165241294e-01
7.801900044440692739e-01
-2.772770240654899854e-01
-1.515399896457567674e-01
-4.314729034329857216e-01
3.645821420758967868e-01
-6.000000000000000888e-01
-8.493806382910170649e-01
1.000000000000000000e+00
-2.030360993164757877e-02
1.000000000000000000e+00
-5.466385161282598382e-02
-8.732661838787747488e-01
1.000000000000000000e+00
4.031027395576245453e-01
1.000000000000000000e+00
1.000000000000000000e+00
-1.000000000000000000e+00
-1.000000000000000000e+00
3.717649803597846692e-01
-7.432175998452025256e-01
-5.637910830253012318e-01
-1.452541068817018444e-01
1.000000000000000000e+00
-1.643732658180894202e-01
-4.937478627691747612e-01
1.000000000000000000e+00
-3.034457044226980260e-01
1.000000000000000000e+00
-7.954560696525049268e-01
-8.491439250905228331e-01
1.000000000000000000e+00
-1.000000000000000000e+00
6.684260935459478414e-01
-3.002841704295111658e-01
-1.000000000000000000e+00
-3.243599210347873352e-01
-3.572909236729476801e-01
-7.599438275977153934e-01
-1.000000000000000000e+00
-4.567232582005575914e-01
-7.490553121755596511e-01
-3.716313143147856879e-01
3.113917723193180831e-01
1.000000000000000000e+00
-6.628050460674905775e-02
-1.000000000000000000e+00
9.303241683362816206e-01
-9.532126532141844688e-01
-1.000000000000000000e+00
-4.377167186311857749e-01
5.315332498497415958e-01
-1.000000000000000000e+00
2.168931272706822178e-01
-1.000000000000000000e+00
1.859210237635153529e-01
-1.845167723483629174e-01
-2.750769251344723498e-01
-2.726088861389850404e-01
4.469654361414998611e-03
9.733039960167825244e-01
-9.481088723269752716e-01
-9.086895264097588631e-01
7.517346199995227352e-01
1.000000000000000000e+00
-4.210934696196381166e-01
3.283815997913527851e-01
-1.635770601305734928e-01
6.727146302890987251e-01
-1.649278026204040182e-01
6.449934699579162878e-01
-6.000000000000000888e-01
4.486811831609135437e-01
5.762895121713249580e-01
-7.500563125276588083e-02
1.000000000000000000e+00
-8.855288312436825349e-01
-2.937323401578669779e-01
-4.775887864767071056e-01
-8.248060092930611376e-01
1.000000000000000000e+00
-1.000000000000000000e+00
9.679500854407221411e-01
7.411303782609396373e-01
-3.721267654887330245e-01
-1.065379252634714724e-01
-1.000000000000000000e+00
1.000000000000000000e+00
-5.834625188188901079e-01
7.253481031242214883e-01
9.153622361171749322e-01
-1.000000000000000000e+00
-6.000000000000000888e-01
7.445340130146699265e-01
-3.093649588831317576e-01
1.000000000000000000e+00
1.805625492511351848e-01
1.000000000000000000e+00
-2.134934984945947578e-01
1.000000000000000000e+00
-1.000000000000000000e+00
8.937357838531684306e-01
-1.546279262852520153e-01
-3.276157683431740186e-01
1.000000000000000000e+00
-1.805911027079536435e-01
8.805403666300914978e-01
5.074538946522949567e-01
-2.626154119286536748e-01
-8.262646488859228810e-01
-1.000000000000000000e+00
4.557046631780883317e-01
-1.000000000000000000e+00
-1.000000000000000000e+00
-2.515036311475088993e-01
-7.102972351488039404e-01
6.360292820752615484e-01
-9.387851389925092604e-01
2.452601419658966830e-01
9.288014442291512296e-01
4.165033518200930152e-01
-3.829743289420243224e-01
-3.538125404168587784e-01
5.772784874174083924e-01
1.000000000000000000e+00
-4.165129505920007746e-01
-1.000000000000000000e+00
6.000000000000000888e-01
-1.000000000000000000e+00
9.285087328650460936e-01
-6.623682413267506508e-01
-9.183242874315304949e-01
-4.322466095275168674e-01
8.166579754832458127e-01
8.758749051586911527e-01
6.000000000000000888e-01
-7.002088433880857554e-01
7.543347129988460242e-01
6.487439361452135289e-02
6.206768616911381153e-01
-1.000000000000000000e+00
1.049804397628619351e-01
1.000000000000000000e+00
-6.132286796512438354e-01
-1.000000000000000000e+00
-2.704460038010363943e-01
-1.000000000000000000e+00
-6.000000000000000888e-01
6.122174028670226420e-01
1.000000000000000000e+00
-2.222505013227971116e-02
-3.397671719773625032e-01
5.959689026322589900e-01
1.367923587702413735e-01
-4.249690271715347301e-01
-1.000000000000000000e+00
6.875865145933971606e-03
-2.581786625440470884e-01
-6.655038462600703086e-01
2.969283380119309701e-01
2.403754442428253646e-01
3.001499867677557831e-01
1.000000000000000000e+00
1.000000000000000000e+00
6.965903174024988820e-01
-8.529028316189899428e-01
8.503822522181077037e-01
-7.839094935048690482e-02
-1.207329916409195653e-01
-1.323419257647685532e-01
7.562054481561184538e-01
-7.613492283297034202e-01
-3.384083208089688211e-01
-1.000000000000000000e+00
1.000000000000000000e+00
-2.509387332410045746e-02
1.000000000000000000e+00
-4.529129203591840680e-01
-3.723477682831144442e-02
8.993795406295660433e-01
1.273748701264455496e-01
9.824509171561953691e-01
2.067274376629857358e-02
8.179435764572284828e-01
-4.754057106922305459e-02
-1.798461782931881081e-01
5.057871319056429504e-01
-8.115397121268217440e-01
-4.506389256008508926e-01
-1.000000000000000000e+00
9.281172834559558993e-01
-6.408032943220705047e-01
4.801986087479210297e-01
-1.185115899284771013e-01
-8.248552130982342856e-01
1.199137615001252821e-01
1.000000000000000000e+00
-1.000000000000000000e+00
-6.589986863156191421e-03
1.000000000000000000e+00
-1.696556772875115748e-01
-7.329996681784008983e-01
5.053668945917372257e-01
-5.948875412059920764e-01
5.122465991976717925e-01
-1.000000000000000000e+00
-7.172497570077802642e-01
1.000000000000000000e+00
-4.004758565501105871e-01
-1.219301120224315083e-01
5.686471724565878016e-01
3.135301778115736626e-01
6.059586662639037113e-01
-6.683835058949745278e-01
1.000000000000000000e+00
-1.000000000000000000e+00
1.000000000000000000e+00
-8.105629700541778782e-01
4.244071149700651135e-02
-9.106645953895107226e-01
-1.000000000000000000e+00
-8.466165826038924980e-01
-2.568680517704549637e-01
-1.000000000000000000e+00
8.576322873550439319e-01
-3.038011446698728468e-01
-2.069731967224064939e-01
-1.000000000000000000e+00
