4.404572344672230688e-03
-1.000000000000000000e+00
-4.806184378889176712e-01
1.000000000000000000e+00
2.940931196227819511e-01
1.000000000000000000e+00
-2.417370013934818929e-01
8.461743455527419577e-01
1.000000000000000000e+00
-1.000000000000000000e+00
7.924701880763034278e-01
-3.506427612755806944e-01
-9.237250518081818740e-01
4.481954368374347353e-01
1.000000000000000000e+00
8.940136580479425277e-01
-1.542083438437580889e-01
2.515407457704021965e-01
2.855618102313009499e-01
2.456033968116441424e-01
-2.589563724529594935e-02
-4.192241270838393818e-01
-1.000000000000000000e+00
1.000000000000000000e+00
-5.964265234048821834e-02
6.000000000000000888e-01
1.041412602072069316e-01
-4.694829071341138915e-01
1.000000000000000000e+00
1.000000000000000000e+00
8.339907173404632612e-01
2.804900599125595417e-01
2.211538270223049607e-01
-1.000000000000000000e+00
-1.000000000000000000e+00
-1.000000000000000000e+00
-8.974665041007583444e-01
3.242412959593322652e-01
-6.970674244269916553e-01
2.471280337325737209e-01
-1.505444526674281081e-01
-7.043018553274504878e-01
-9.570050063451163158e-01
-9.077784511317009697e-01
1.734921550429766590e-01
-8.315143686119821353e-01
-6.440859483819811881e-01
-4.148993218751791945e-01
9.657422026922843905e-01
-2.947436103620043601e-01
-9.321586506414336615e-01
-9.237974549951002423e-01
-6.359136387909207766e-01
-1.487628158205385187e-01
9.193811835347074357e-01
1.000000000000000000e+00
1.000000000000000000e+00
1.845881466647390778e-01
1.000000000000000000e+00
-3.200640849426347745e-01
-2.643972311360736072e-01
1.000000000000000000e+00
-1.000000000000000000e+00
-6.678713416874126896e-01
1.000000000000000000e+00
-1.000000000000000000e+00
-6.211970205671774048e-02
8.718315995147045694e-01
1.000000000000000000e+00
-1.000000000000000000e+00
2.152750139370034344e-01
2.219886088439813054e-01
2.719206651244496231e-01
8.009373137392985509e-01
-1.000000000000000000e+00
-8.907679260209450112e-01
9.146041565470629520e-01
-7.268044971536873344e-01
6.417415278390931066e-01
-9.100585016260487325e-01
-3.074905967719757105e-01
-5.228966146176653451e-01
1.000000000000000000e+00
1.000000000000000000e+00
-1.000000000000000000e+00
-1.000000000000000000e+00
-8.204335350258042947e-01
-1.000000000000000000e+00
-3.759265630806490344e-01
-9.664345665086945258e-01
-8.657014224525275137e-02
-1.000000000000000000e+00
1.000000000000000000e+00
-6.637678684739580781e-01
-8.816399572618663361e-02
3.242147892921599661e-01
1.000000000000000000e+00
7.861715743909504228e-01
-1.000000000000000000e+00
-1.000000000000000000e+00
8.133070484422730839e-01
8.892601418005934288e-01
-1.000000000000000000e+00
1.000000000000000000e+00
-9.120318305190537878e-01
2.216933525261879090e-01
2.925377310930535879e-01
3.306634864603992252e-01
8.541873530274607385e-01
1.000000000000000000e+00
-6.091118391111647323e-01
7.810689323734565370e-02
1.000000000000000000e+00
7.979201323647860944e-01
2.800000000000001377e-01
-8.089004064746072586e-01
-1.000000000000000000e+00
1.361230088127865501e-01
-1.000000000000000000e+00
-1.000000000000000000e+00
-7.970635075950533999e-01
5.228676856762033420e-01
1.000000000000000000e+00
-6.454317324464718952e-01
3.001561293702388333e-01
6.000000000000000888e-01
-8.576707455267766900e-01
1.000000000000000000e+00
-1.517065827800405109e-01
1.000000000000000000e+00
3.001078034972438635e-01
-2.937267753422456162e-01
-1.000000000000000000e+00
-1.000000000000000000e+00
1.000000000000000000e+00
1.000000000000000000e+00
8.981751619654578800e-01
2.794233467747334054e-02
1.000000000000000000e+00
8.313499922856598667e-01
-6.071310975874421034e-01
7.668685273152668902e-01
-3.817829480915755358e-01
5.969207987696287798e-01
9.440147883344041091e-02
-1.000000000000000000e+00
3.844424506105278971e-02
-4.864033424316215326e-01
1.859093530773879843e-01
5.067070561788360461e-01
-1.000000000000000000e+00
-1.000000000000000000e+00
-1.218749859940533864e-01
2.699462165160541050e-01
4.544293739595214321e-01
-1.000000000000000000e+00
1.000000000000000000e+00
1.000000000000000000e+00
7.397605370730110375e-01
1.000000000000000000e+00
-1.000000000000000000e+00
-6.895502167550733308e-01
3.760547789866869328e-03
-1.000000000000000000e+00
-1.000000000000000000e+00
-8.968112652907433979e-01
1.000000000000000000e+00
3.537411209419238922e-02
1.000000000000000000e+00
1.000000000000000000e+00
-6.017801895102649068e-01
-7.273026983857393546e-01
9.539101338237949701e-01
1.000000000000000000e+00
2.686543595238783944e-01
1.000000000000000000e+00
-1.000000000000000000e+00
1.000000000000000000e+00
-9.135321150324656747e-01
-1.000000000000000000e+00
1.000000000000000000e+00
-1.000000000000000000e+00
-8.735086156063279206e-02
-1.513139551768807323e-01
-1.000000000000000000e+00
-1.000000000000000000e+00
-1.180306372888088040e-01
-8.874736331568482406e-01
-1.000000000000000000e+00
5.835831404794298433e-02
1.000000000000000000e+00
2.800712416527935678e-01
4.217266653341320004e-01
-5.519393604879581083e-01
-8.725433865517127074e-01
1.000000000000000000e+00
-1.000000000000000000e+00
-5.370935343258446126e-01
-9.360323129925478547e-01
8.388244298568589552e-03
-6.536316120934814178e-01
1.000000000000000000e+00
-2.763967207862289555e-01
-1.144203624126319263e-02
4.328556652262223192e-01
9.137781874127628434e-01
7.549028182625923122e-01
-1.000000000000000000e+00
6.000000000000000888e-01
1.000000000000000000e+00
-4.099536943927878374e-01
-2.781609307746693016e-01
-6.000000000000000888e-01
7.826348518547358024e-01
-1.394629939525361684e-01
5.817599359825768035e-01
1.720556329184144140e-01
-1.000000000000000000e+00
2.998346385721649687e-01
7.501110651085725056e-01
-5.574868180447303256e-01
-8.218861970609381284e-01
1.000000000000000000e+00
9.691876661217209143e-01
-3.082193713475334107e-01
-8.715933737754762989e-01
1.000000000000000000e+00
-3.197838826305680060e-01
8.461743586326303523e-01
1.000000000000000000e+00
9.773413591670686573e-01
6.838608957520160292e-01
5.262889334269474917e-01
-4.152202388893149188e-01
6.930013785481881072e-01
-1.000000000000000000e+00
-1.000000000000000000e+00
3.853706946288001367e-01
-1.000000000000000000e+00
-1.670803270895240833e-01
5.435460603008407388e-01
6.491239028102309128e-01
9.225208030449953966e-01
-6.441052742883980331e-01
4.896263957585021975e-01
-1.000000000000000000e+00
-6.000000000000000888e-01
5.066635895431541581e-01
-1.000000000000000000e+00
3.333640265467884833e-01
1.071371895578912409e-01
3.347814860763017042e-01
-6.320040288180739374e-01
1.030947372780486315e-01
5.682919604998495910e-02
1.000000000000000000e+00
1.000000000000000000e+00
1.875797492897133267e-01
8.226974418914088094e-01
-8.162851885572620647e-01
-1.000000000000000000e+00
5.182642049598099598e-01
7.872041950859084425e-01
2.849383749532653498e-01
-1.000000000000000000e+00
