-4.058991992272531490e-02
-2.926494504491277127e-01
4.400846681473971067e-01
2.240388060306370832e-01
-7.767430018153507199e-01
-2.796656864927511421e-01
-6.720065750297610219e-01
8.024723518219927243e-01
8.697930393094293056e-01
-8.913208308503632882e-01
5.133836701548479819e-01
8.849310124829417035e-01
3.092417515652088333e-01
-8.545082902019001114e-01
6.140027962436844788e-02
5.582807163961289731e-01
-1.112675803086451420e-01
8.329647786179128488e-02
1.032519241660705411e-01
-7.235892005030979401e-01
-3.516296930715665514e-01
2.647026842818709369e-01
2.054336336962696574e-01
-1.458599248863250430e-01
5.287122636910446261e-01
2.924048385342199463e-01
-9.915105653280193998e-01
-6.834277896004687936e-01
6.315058062336311728e-01
-4.177490449387071259e-01
-3.508024753783773875e-01
6.494195398929991647e-02
4.524074141527962833e-01
8.114349581863145033e-01
6.817792195676783962e-01
-3.949425314778776119e-01
-2.060382480823925722e-01
-6.068045364793841490e-01
8.268992192370894223e-02
2.670332446983820773e-01
2.818179439420551713e-01
9.768511578457608202e-01
1.599115323558959467e-01
1.072589605559539638e-01
-5.529187784170466191e-01
2.195366627108463753e-01
-3.626813476284580506e-01
-4.690672583690196351e-01
2.998045499544135239e-01
9.855882466175691636e-01
-7.317782895587263692e-01
7.122921322068735961e-01
9.158403544931936757e-02
5.191283530445001126e-01
-1.328469842149078151e-01
-7.586169265742581658e-02
3.642641072852321749e-01
2.659782905390246643e-01
2.899307080714967899e-01
-3.378360211441300276e-01
-6.517699215014467473e-01
-1.658174073015494798e-02
2.008237711994507180e-01
-3.141724184905048123e-01
8.742511140487578825e-01
8.479207907856163295e-01
4.915374214283463328e-01
7.484330036279751575e-01
2.845974509691235887e-01
-4.133538062626882503e-01
2.925897259912142445e-01
9.680314703837336054e-01
7.216919232452909672e-01
-8.977637527471966639e-01
8.387358877941517576e-01
8.420582748128955242e-01
2.843890876005039647e-01
-2.699812123129210484e-01
-8.527847216302342215e-01
-5.644979860962782148e-01
4.373378659541962143e-01
-3.564968524878149303e-01
6.838527185469960301e-01
3.211387780724828112e-01
5.059961568846833568e-01
8.772552494866541206e-01
-4.314358012880070703e-01
4.295793900347859573e-01
2.425540827423589008e-01
7.645976998864529861e-01
4.474183774828217608e-01
-1.737514848088159702e-01
9.896905584472681650e-01
-4.994479008779466600e-01
1.520375722817390862e-01
3.676814064813123117e-01
-1.202256385346276435e-01
7.250952158152506044e-01
5.461411385783077055e-01
3.744228831326457119e-01
5.166837736174918483e-01
1.190663674922416426e-01
9.333029512406287864e-02
-9.039128017782360747e-01
-3.920077724475481418e-01
3.731311858380348401e-01
9.077788065459235778e-01
3.591800428735461015e-01
3.282337942632160832e-01
-4.304473432717252912e-01
9.072441071310233252e-01
-2.337589712138870013e-01
6.465681042310367221e-01
-5.977291197270810930e-01
-4.794054138107359808e-01
-5.221588851149421284e-01
-3.449783303726112749e-01
-1.819168907943846669e-02
8.906862897328540196e-01
7.766869997182146435e-02
4.089607946439954844e-01
-2.193620394354862668e-01
2.690979069479870756e-01
-7.850088942575899065e-01
8.896933463532163966e-01
-4.596527202052507199e-01
7.692904841719401254e-01
-8.727970801382318733e-01
4.461555134954293678e-01
9.724264235363875297e-01
-7.106611141605125859e-01
-4.364052768286639239e-01
7.901781707797328469e-01
8.753606734382228804e-01
5.615817805976774935e-02
7.500913890209908175e-01
-2.571196133406727924e-02
-6.838531875710600616e-01
-7.371020066359441625e-01
1.849636910363381403e-01
9.235114161843276381e-01
-4.028140261549362222e-01
-7.630046822942879725e-01
-3.848928381302219037e-01
6.750766789436051241e-01
-8.729301256050991942e-01
-8.964432934043282675e-01
-8.148332323439502201e-01
-9.231704765150259284e-01
6.975682325042842358e-02
1.186149554699607034e-01
8.532158038340698081e-01
3.291411622608952925e-01
-9.829512053863576071e-02
-3.971718184430326204e-01
2.259001780797054160e-02
-3.003721596038657626e-01
7.979172110500112325e-01
3.506646676978446564e-01
9.078026364171376539e-01
-2.062169718984923072e-01
5.262676657387086454e-01
1.894392346163249474e-01
-3.158116241187172157e-01
8.555364841918435825e-01
7.494340761096094372e-01
-2.967042017195931081e-02
8.986432826769406024e-01
-4.569607846745178392e-01
4.510740710031744261e-01
-9.538034427597184006e-01
-7.660468800064383910e-01
-8.991154260563967160e-01
2.547304378073611542e-01
-7.172584097409577808e-01
5.149714068273714140e-02
1.088828154402454729e-02
-5.091218344895329651e-01
1.020427380445592114e-01
-3.308600210349634807e-01
4.184738770602531854e-01
3.688664844617399741e-01
-4.665677355489072919e-01
5.036196353381301449e-01
2.215496333706137300e-01
-6.222791674061944889e-02
4.571549583447529486e-01
2.666437320334682504e-01
-1.222763653451464094e-01
4.495903013909163803e-02
-5.257801972410014457e-01
2.791882916314338825e-01
-2.740838691658984416e-01
-3.422450457180150618e-01
5.263323265955648367e-01
-6.128292168018947272e-01
5.728227372722207722e-01
4.884935462853161603e-01
4.515646156419994561e-02
-3.280446127305465254e-01
6.756561261678923902e-01
9.988922340787973475e-01
-6.150519928694671012e-01
-1.854505657614506919e-01
4.683463565765373371e-01
1.813755002310584175e-01
-3.129409848028537056e-01
-4.145092822583007486e-01
5.227246598775234787e-01
1.061296937185205458e-01
6.752942460011104320e-01
8.311240945249545042e-01
6.377880405177480672e-01
6.726536686433131074e-01
2.152857699540651204e-01
-2.167486134329754677e-01
9.845551056589141314e-01
6.255062649465885638e-01
6.295576250960146503e-01
-7.185314469968200335e-01
8.389781759507017878e-01
2.342583112381628752e-01
9.504836001657945843e-01
3.891357071513259491e-01
4.312377492210084373e-01
-4.818233898990038622e-01
-4.094816376944572234e-01
-1.073242269918408542e-01
8.685285785695993077e-01
2.018474012342250656e-01
1.418983979822208141e-02
-5.416334635040436218e-01
7.179443661802493715e-01
-9.472611462566005169e-01
8.020311064172818138e-01
8.357061949489485997e-02
8.653396242346425016e-01
-3.557627643566125819e-01
4.754484459042820355e-01
-4.707452248517047799e-01
-8.468388873390109151e-01
-5.968216886309212210e-01
9.196361793331899737e-01
2.854694374758279807e-01
-7.662347771395736640e-01
-5.633613372113055462e-02
7.762669319636754661e-01
-1.860532659875573369e-01
3.777260500632682039e-01
-4.146355068924667542e-02
-4.554852974479555172e-01
-2.387871064831803558e-02
-6.975697846471411445e-01
2.784437621524589179e-01
7.246700262850971352e-01
2.720050629081118831e-01
-2.485164216463797704e-01
-3.876787791693403484e-01
4.880920644949646725e-01
-2.399263409199225983e-01
-3.188501463441917316e-01
-2.468216569186760800e-01
-7.064960116475393903e-01
-2.411972447311483414e-01
-2.677556602260051655e-01
