-2.528248736862775958e-02
9.736619610162557947e-01
-3.277580563607406239e-01
5.936551797449394208e-01
-1.000000000000000000e+00
-5.446438968853255513e-01
-1.000000000000000000e+00
-6.000000000000000888e-01
-7.911772261193132927e-01
1.000000000000000000e+00
6.909549032327000351e-02
-1.000000000000000000e+00
9.043277466233183848e-01
7.248690428560289334e-02
-4.242220116871022739e-01
9.092004515785834240e-01
1.000000000000000000e+00
-4.600792040118266146e-01
6.262765154267739831e-01
-7.843648364846140808e-01
-5.222863001062969524e-01
9.377200920404146767e-02
4.530362024171712410e-01
-2.447353124834956983e-01
1.000000000000000000e+00
1.000000000000000000e+00
6.000000000000000888e-01
-5.097722535501092445e-01
-1.000000000000000000e+00
1.967739399939139044e-02
1.000000000000000000e+00
-1.000000000000000000e+00
-1.000000000000000000e+00
-9.682197210326373149e-01
7.967761399519747434e-02
4.020504936743554136e-01
8.677056951315729183e-01
6.713750210325982737e-01
-1.000000000000000000e+00
-6.069325681733381828e-01
6.062461745431166893e-01
2.707192182501322875e-01
2.326603558127725846e-01
-1.000000000000000000e+00
7.056320447825328301e-01
1.000000000000000000e+00
1.000000000000000000e+00
1.000000000000000000e+00
7.005766828483301900e-01
1.637204326580218583e-01
7.990405086134356738e-01
-1.000000000000000000e+00
-2.801819124341191625e-01
2.058440713508195019e-01
1.000000000000000000e+00
6.585541201532336686e-01
1.000000000000000000e+00
-1.000000000000000000e+00
-2.725797688328419066e-01
6.000000000000000888e-01
-9.081565986381563427e-01
-1.733236138877891075e-01
9.134736606687849925e-01
-6.003850731220760073e-01
1.000000000000000000e+00
4.078159619327639263e-01
-1.000000000000000000e+00
2.479732779040499380e-01
4.000247240755339106e-01
-6.000000000000000888e-01
-1.000000000000000000e+00
-8.404570889006840462e-01
4.345137219680824670e-01
5.379284102346707508e-01
-2.327787935442107714e-01
1.000000000000000000e+00
-8.850682240681271296e-01
4.704111608164349145e-01
2.140406771432977195e-01
6.722458020296613324e-01
1.000000000000000000e+00
8.836212939161840474e-01
1.000000000000000000e+00
5.731422633959876167e-02
1.000000000000000000e+00
-1.000000000000000000e+00
6.000000000000000888e-01
1.000000000000000000e+00
-1.000000000000000000e+00
1.000000000000000000e+00
-4.759754671606558629e-01
9.509859544614744919e-01
8.600301467205083705e-01
8.302263715891851081e-01
-1.000000000000000000e+00
-2.769056638204593357e-01
1.000000000000000000e+00
-6.959276112027463768e-01
-9.624716720915078572e-01
1.000000000000000000e+00
-2.563272908238168890e-01
-1.000000000000000000e+00
4.531502716977549028e-01
-5.736908362030020136e-02
1.000000000000000000e+00
6.448530491643467144e-02
3.625043092346809659e-01
5.510223844699017048e-01
-6.021603426445076845e-01
-5.478755445364720256e-01
-1.000000000000000000e+00
8.131151979439918964e-01
7.725560774540022324e-01
1.478321481704322204e-01
3.139279928961295485e-01
-3.364646759645351093e-01
-1.000000000000000000e+00
-4.238273485368921345e-01
-4.143423698006472033e-01
1.000000000000000000e+00
-1.000000000000000000e+00
6.000000000000000888e-01
-1.000000000000000000e+00
1.000000000000000000e+00
1.000000000000000000e+00
2.240128374164397362e-01
-1.000000000000000000e+00
-1.000000000000000000e+00
1.000000000000000000e+00
1.000000000000000000e+00
6.000000000000000888e-01
1.000000000000000000e+00
-1.000000000000000000e+00
-9.560278756545241841e-01
8.948623118477510019e-01
-9.279582562405785939e-01
-4.562668763642778735e-01
-1.000000000000000000e+00
-4.832147326466839088e-01
-2.659059138655455179e-01
9.926437099002261011e-01
1.000000000000000000e+00
-1.000000000000000000e+00
1.000000000000000000e+00
-6.000000000000000888e-01
3.034172798119738612e-01
3.144332720238263157e-01
-1.000000000000000000e+00
-8.542161618789123612e-01
-1.000000000000000000e+00
-1.000000000000000000e+00
1.471831702393105179e-01
-1.000000000000000000e+00
-3.288150566691733778e-01
8.246191596979109972e-01
-1.000000000000000000e+00
8.395283762892510326e-01
-5.242408715734188096e-01
1.149822767521885003e-01
-1.000000000000000000e+00
6.756629782674391516e-01
-8.905977304794207017e-01
9.464786828717712819e-01
-1.000000000000000000e+00
-1.000000000000000000e+00
-9.504208037978058021e-01
5.580886941307823257e-01
-4.508801472364508123e-01
-1.000000000000000000e+00
1.000000000000000000e+00
-1.000000000000000000e+00
-1.000000000000000000e+00
9.130530580920280803e-01
-1.000000000000000000e+00
-7.810251675909596347e-01
1.000000000000000000e+00
-2.738718902330047333e-01
-1.000000000000000000e+00
-7.848168496711253050e-01
-3.824550512807378677e-02
-5.874201617011383103e-01
5.250129296637218168e-01
7.582981336034314568e-01
-1.000000000000000000e+00
-9.200000000000000400e-01
7.497312981333591475e-01
2.986943131302489118e-01
9.744208052301023271e-02
-1.741454326974826439e-01
-6.674775005299854458e-02
1.000000000000000000e+00
2.953250656285920650e-01
1.000000000000000000e+00
-1.000000000000000000e+00
1.148850849338710622e-01
3.424314032980554368e-01
3.021671152461957166e-01
2.522205791506051953e-01
-2.167599209221178769e-01
7.252124560792218011e-01
-1.677802088751271792e-01
1.386411631555261037e-01
-1.000000000000000000e+00
2.786317359308508879e-01
-8.777735670296595849e-01
1.000000000000000000e+00
-2.984018091031886977e-01
5.931773301685946409e-01
1.167560836633492055e-01
-1.000000000000000000e+00
-9.725253700095783937e-01
-3.249412071816755176e-01
-3.753510426683033807e-01
9.439265128282332551e-01
1.000000000000000000e+00
-1.000000000000000000e+00
-7.019961597329107406e-01
-5.792419024537289740e-01
-1.000000000000000000e+00
-6.168519295446367456e-01
-8.166877772783852629e-01
3.706666930170017804e-01
-4.613828195375811458e-01
5.350171098867813058e-01
2.994528999548217718e-01
-2.578004252815958020e-01
1.000000000000000000e+00
1.000000000000000000e+00
1.000000000000000000e+00
6.841335092605783652e-01
-8.196510361704876235e-01
-1.000000000000000000e+00
-1.000000000000000000e+00
1.000000000000000000e+00
-1.000000000000000000e+00
-1.000000000000000000e+00
6.648285344545646902e-01
-3.571348930390227938e-01
7.490875427540276688e-01
1.000000000000000000e+00
-7.470565403694739981e-01
2.956268565216444433e-01
-6.000000000000000888e-01
-1.000000000000000000e+00
-1.000000000000000000e+00
-9.037548439036150461e-01
9.520996943075956676e-01
6.766553500446984559e-01
-1.000000000000000000e+00
-3.485476360213535241e-01
-2.255775278444842047e-01
1.000000000000000000e+00
-6.005123294186701655e-01
-1.969499750480878109e-01
-1.000000000000000000e+00
4.334831403833081520e-01
1.000000000000000000e+00
5.817585549304722381e-01
-5.874985365892070321e-01
-6.177026440483699421e-01
8.022624509881721711e-01
3.162471364619235947e-01
7.103186652436607185e-01
1.000000000000000000e+00
-4.706287484827864076e-01
