-1.000000000000000000e+00
-1.000000000000000000e+00
9.999962820949948039e-01
1.000000000000000000e+00
-1.000000000000000000e+00
-1.000000000000000000e+00
-7.841669420048900108e-01
1.000000000000000000e+00
-1.000000000000000000e+00
-9.999992263437725848e-01
1.000000000000000000e+00
1.000000000000000000e+00
-1.000000000000000000e+00
9.999999999999895639e-01
-9.999951168342577912e-01
1.000000000000000000e+00
9.823754492656270321e-01
-9.999999999999997780e-01
-9.999999999999985567e-01
9.999999999999993339e-01
-1.000000000000000000e+00
-9.999999982747412863e-01
-9.999989080030701194e-01
-9.993082292809605249e-01
9.999999999999973355e-01
-1.000000000000000000e+00
-1.000000000000000000e+00
1.000000000000000000e+00
-1.000000000000000000e+00
-1.000000000000000000e+00
-1.000000000000000000e+00
1.000000000000000000e+00
1.000000000000000000e+00
1.000000000000000000e+00
1.000000000000000000e+00
-9.999998561023684118e-01
-1.000000000000000000e+00
1.000000000000000000e+00
9.999999997147713815e-01
-9.999343345131816996e-01
9.945699539743709794e-01
9.870761852529549296e-01
1.000000000000000000e+00
-1.000000000000000000e+00
9.999999997784794203e-01
-9.998807715847979338e-01
-9.999999999999998890e-01
1.000000000000000000e+00
1.000000000000000000e+00
-1.000000000000000000e+00
1.000000000000000000e+00
-9.999999980116605069e-01
1.000000000000000000e+00
-1.000000000000000000e+00
-1.000000000000000000e+00
-9.999901605840797458e-01
1.000000000000000000e+00
-9.999999354089418313e-01
1.000000000000000000e+00
1.000000000000000000e+00
1.000000000000000000e+00
-9.999999995668593655e-01
1.000000000000000000e+00
1.000000000000000000e+00
-1.000000000000000000e+00
-5.512672644452952797e-01
1.000000000000000000e+00
1.000000000000000000e+00
9.893347365862773524e-01
-1.000000000000000000e+00
1.000000000000000000e+00
-1.000000000000000000e+00
9.999999999960326180e-01
1.000000000000000000e+00
-9.999999877352699906e-01
-9.999999999999984457e-01
1.000000000000000000e+00
9.999840983053858157e-01
-1.000000000000000000e+00
9.999998595890517983e-01
1.000000000000000000e+00
-1.000000000000000000e+00
-1.000000000000000000e+00
-1.000000000000000000e+00
-1.000000000000000000e+00
-1.000000000000000000e+00
1.000000000000000000e+00
9.999999999339647117e-01
-1.000000000000000000e+00
1.000000000000000000e+00
-1.000000000000000000e+00
1.000000000000000000e+00
-9.999999999999987788e-01
1.000000000000000000e+00
-1.000000000000000000e+00
-9.999984622679518598e-01
1.000000000000000000e+00
1.000000000000000000e+00
1.000000000000000000e+00
-9.999999999939849227e-01
9.999999783119084551e-01
1.000000000000000000e+00
9.999995802659488175e-01
1.000000000000000000e+00
-1.000000000000000000e+00
1.000000000000000000e+00
1.000000000000000000e+00
-1.000000000000000000e+00
1.000000000000000000e+00
1.000000000000000000e+00
-1.000000000000000000e+00
-1.000000000000000000e+00
1.000000000000000000e+00
-9.999981608336504513e-01
9.382814363899492083e-01
-9.999979591548051605e-01
-1.000000000000000000e+00
-9.999990148316031391e-01
1.000000000000000000e+00
9.998437755045159747e-01
-1.000000000000000000e+00
1.000000000000000000e+00
-1.000000000000000000e+00
-9.997964222179414051e-01
1.000000000000000000e+00
9.990850311753094459e-01
1.000000000000000000e+00
1.000000000000000000e+00
9.999999999919877425e-01
9.999999999999420464e-01
-1.000000000000000000e+00
1.000000000000000000e+00
1.000000000000000000e+00
-1.000000000000000000e+00
-9.999999999999885647e-01
9.999999999999962252e-01
-1.000000000000000000e+00
9.999983286475189193e-01
1.000000000000000000e+00
-9.999964826401808171e-01
-1.000000000000000000e+00
1.000000000000000000e+00
9.999988337323222343e-01
1.000000000000000000e+00
1.000000000000000000e+00
1.000000000000000000e+00
-1.000000000000000000e+00
-1.000000000000000000e+00
-1.000000000000000000e+00
-1.000000000000000000e+00
-1.000000000000000000e+00
-1.000000000000000000e+00
9.999999982411476029e-01
9.999968193184324283e-01
1.000000000000000000e+00
-1.000000000000000000e+00
1.000000000000000000e+00
9.984408677052603043e-01
9.999992269143342938e-01
-9.999967202454299597e-01
9.999999978453085747e-01
1.000000000000000000e+00
-9.999999999260162920e-01
1.000000000000000000e+00
-1.000000000000000000e+00
-1.000000000000000000e+00
-1.000000000000000000e+00
1.000000000000000000e+00
-1.000000000000000000e+00
-9.999977276401443849e-01
1.000000000000000000e+00
-9.998715207096705582e-01
1.000000000000000000e+00
-1.000000000000000000e+00
-1.000000000000000000e+00
1.000000000000000000e+00
-1.000000000000000000e+00
-1.000000000000000000e+00
1.000000000000000000e+00
-1.000000000000000000e+00
1.000000000000000000e+00
1.000000000000000000e+00
9.999999869807260078e-01
1.000000000000000000e+00
-9.999999999999911182e-01
1.000000000000000000e+00
-1.000000000000000000e+00
1.000000000000000000e+00
9.999999999972193354e-01
-1.000000000000000000e+00
-1.000000000000000000e+00
9.999999999999843459e-01
-1.000000000000000000e+00
-1.000000000000000000e+00
-1.000000000000000000e+00
-1.000000000000000000e+00
1.000000000000000000e+00
-1.000000000000000000e+00
-1.000000000000000000e+00
-9.999999999922408733e-01
-1.000000000000000000e+00
1.000000000000000000e+00
1.000000000000000000e+00
1.000000000000000000e+00
-1.000000000000000000e+00
9.999999975593164558e-01
-1.000000000000000000e+00
1.000000000000000000e+00
1.000000000000000000e+00
1.000000000000000000e+00
-9.999999999999997780e-01
1.000000000000000000e+00
1.000000000000000000e+00
-1.000000000000000000e+00
9.270792666926692682e-01
1.000000000000000000e+00
-1.000000000000000000e+00
1.000000000000000000e+00
-9.999999625938305048e-01
1.000000000000000000e+00
9.999998027029924907e-01
1.000000000000000000e+00
1.000000000000000000e+00
-1.000000000000000000e+00
1.000000000000000000e+00
-1.000000000000000000e+00
-1.000000000000000000e+00
1.000000000000000000e+00
9.999890845429957320e-01
-1.000000000000000000e+00
-1.000000000000000000e+00
1.000000000000000000e+00
1.000000000000000000e+00
1.000000000000000000e+00
1.000000000000000000e+00
9.999999999996412869e-01
-1.000000000000000000e+00
1.000000000000000000e+00
-1.000000000000000000e+00
1.000000000000000000e+00
-9.999951143409396837e-01
9.999999999936850514e-01
-1.000000000000000000e+00
1.000000000000000000e+00
-9.999999992346404465e-01
-9.999998764339921298e-01
-1.000000000000000000e+00
-9.999999999943440798e-01
9.999821705884320844e-01
9.999956246249517289e-01
1.000000000000000000e+00
-6.552589032263022029e-01
1.000000000000000000e+00
9.999999990698877905e-01
-1.000000000000000000e+00
-1.000000000000000000e+00
-1.000000000000000000e+00
-9.999999999999855671e-01
9.999999999933003592e-01
1.000000000000000000e+00
1.000000000000000000e+00
9.640293514910747152e-01
1.000000000000000000e+00
1.000000000000000000e+00
1.000000000000000000e+00
