9.992666291153478042e-01
9.999999968409666318e-01
-1.000000000000000000e+00
-1.000000000000000000e+00
-9.999978334325672069e-01
-1.000000000000000000e+00
1.000000000000000000e+00
9.999998847019148096e-01
-9.999999999195693379e-01
-1.000000000000000000e+00
9.999999999999931166e-01
1.000000000000000000e+00
1.000000000000000000e+00
1.000000000000000000e+00
1.000000000000000000e+00
1.000000000000000000e+00
1.000000000000000000e+00
-1.000000000000000000e+00
-1.000000000000000000e+00
9.999999999999968914e-01
-1.000000000000000000e+00
-1.000000000000000000e+00
-1.000000000000000000e+00
-1.000000000000000000e+00
-1.000000000000000000e+00
9.999999999999755751e-01
-1.000000000000000000e+00
1.000000000000000000e+00
1.000000000000000000e+00
-1.000000000000000000e+00
1.000000000000000000e+00
-9.999999998208697338e-01
-9.951373520536210826e-01
-1.000000000000000000e+00
-1.000000000000000000e+00
1.000000000000000000e+00
1.000000000000000000e+00
1.000000000000000000e+00
1.000000000000000000e+00
-9.999994596984225215e-01
-9.999999999635887926e-01
-1.000000000000000000e+00
-1.000000000000000000e+00
-9.996717264826533444e-01
9.999999115491011725e-01
1.000000000000000000e+00
1.000000000000000000e+00
1.000000000000000000e+00
1.000000000000000000e+00
1.000000000000000000e+00
1.000000000000000000e+00
1.000000000000000000e+00
1.000000000000000000e+00
-1.000000000000000000e+00
-1.000000000000000000e+00
1.000000000000000000e+00
7.152115240779020056e-01
1.000000000000000000e+00
1.000000000000000000e+00
-9.999864834181608764e-01
1.000000000000000000e+00
-9.999479846291930984e-01
-1.000000000000000000e+00
-9.999999983432018569e-01
9.999999999999087397e-01
1.000000000000000000e+00
-9.999999997733991508e-01
-1.000000000000000000e+00
1.000000000000000000e+00
9.999999996801984814e-01
1.000000000000000000e+00
-1.000000000000000000e+00
-1.000000000000000000e+00
1.000000000000000000e+00
1.000000000000000000e+00
-1.000000000000000000e+00
-1.000000000000000000e+00
1.000000000000000000e+00
1.000000000000000000e+00
1.000000000000000000e+00
9.999999999650834859e-01
-1.000000000000000000e+00
-9.999999999407910289e-01
1.000000000000000000e+00
-9.999172504789813898e-01
1.000000000000000000e+00
-1.000000000000000000e+00
9.999979937493382876e-01
-1.000000000000000000e+00
9.999990025133727034e-01
-9.999999999962616570e-01
1.000000000000000000e+00
1.000000000000000000e+00
9.999999999993274269e-01
1.000000000000000000e+00
9.999999999999982236e-01
-1.000000000000000000e+00
-1.000000000000000000e+00
1.000000000000000000e+00
1.000000000000000000e+00
-1.000000000000000000e+00
-1.000000000000000000e+00
1.000000000000000000e+00
1.000000000000000000e+00
-1.000000000000000000e+00
1.000000000000000000e+00
9.999999992576871222e-01
-1.000000000000000000e+00
-1.000000000000000000e+00
9.999999999999585887e-01
1.000000000000000000e+00
-1.000000000000000000e+00
1.000000000000000000e+00
1.000000000000000000e+00
-9.994273985524374515e-01
1.000000000000000000e+00
-1.000000000000000000e+00
-1.000000000000000000e+00
-1.000000000000000000e+00
-1.000000000000000000e+00
-9.934896786240581257e-01
1.000000000000000000e+00
-1.000000000000000000e+00
-1.000000000000000000e+00
1.000000000000000000e+00
1.000000000000000000e+00
-1.000000000000000000e+00
-9.999705082624217312e-01
-1.000000000000000000e+00
1.000000000000000000e+00
-1.000000000000000000e+00
1.000000000000000000e+00
-1.000000000000000000e+00
9.999999999999076294e-01
1.000000000000000000e+00
-1.000000000000000000e+00
1.000000000000000000e+00
-1.000000000000000000e+00
1.000000000000000000e+00
-1.000000000000000000e+00
1.000000000000000000e+00
-1.000000000000000000e+00
-9.999999999999987788e-01
-9.248336950581206306e-01
1.000000000000000000e+00
-1.000000000000000000e+00
1.000000000000000000e+00
1.000000000000000000e+00
1.000000000000000000e+00
-1.000000000000000000e+00
1.000000000000000000e+00
-1.000000000000000000e+00
-1.000000000000000000e+00
-1.000000000000000000e+00
1.000000000000000000e+00
1.000000000000000000e+00
-1.000000000000000000e+00
-1.000000000000000000e+00
1.000000000000000000e+00
1.000000000000000000e+00
1.000000000000000000e+00
-1.000000000000000000e+00
1.000000000000000000e+00
1.000000000000000000e+00
1.000000000000000000e+00
1.000000000000000000e+00
-1.000000000000000000e+00
1.000000000000000000e+00
-1.000000000000000000e+00
1.000000000000000000e+00
1.000000000000000000e+00
1.000000000000000000e+00
-1.000000000000000000e+00
1.000000000000000000e+00
-1.000000000000000000e+00
-1.000000000000000000e+00
1.000000000000000000e+00
9.998942589183017482e-01
1.000000000000000000e+00
1.000000000000000000e+00
1.000000000000000000e+00
-1.000000000000000000e+00
-1.000000000000000000e+00
1.000000000000000000e+00
-9.505958074119507106e-01
-1.000000000000000000e+00
-1.000000000000000000e+00
1.000000000000000000e+00
1.000000000000000000e+00
9.999896904424632194e-01
-1.000000000000000000e+00
-1.000000000000000000e+00
1.000000000000000000e+00
-9.999999972944602078e-01
1.000000000000000000e+00
-1.000000000000000000e+00
-9.999975299734237266e-01
1.000000000000000000e+00
9.999950538742490291e-01
1.000000000000000000e+00
-1.000000000000000000e+00
1.000000000000000000e+00
1.000000000000000000e+00
1.000000000000000000e+00
-9.999999999999673594e-01
1.000000000000000000e+00
-9.999308634301073972e-01
9.999677673186379012e-01
-1.000000000000000000e+00
1.000000000000000000e+00
-1.000000000000000000e+00
1.000000000000000000e+00
-1.000000000000000000e+00
1.000000000000000000e+00
-1.000000000000000000e+00
1.000000000000000000e+00
1.000000000000000000e+00
1.000000000000000000e+00
1.000000000000000000e+00
1.000000000000000000e+00
1.000000000000000000e+00
1.000000000000000000e+00
-1.000000000000000000e+00
-1.000000000000000000e+00
-1.000000000000000000e+00
-9.999999999999967804e-01
1.000000000000000000e+00
1.000000000000000000e+00
-1.000000000000000000e+00
1.000000000000000000e+00
9.999999092161508951e-01
-9.999999999999998890e-01
-1.000000000000000000e+00
-1.000000000000000000e+00
1.000000000000000000e+00
1.000000000000000000e+00
9.728249315755412852e-01
1.000000000000000000e+00
-1.000000000000000000e+00
9.897595600079314160e-01
-1.000000000000000000e+00
-1.000000000000000000e+00
-1.000000000000000000e+00
9.999999999999997780e-01
-1.000000000000000000e+00
-9.999998918732213582e-01
-1.000000000000000000e+00
-1.000000000000000000e+00
9.999996882114199348e-01
-1.000000000000000000e+00
9.999999999696228548e-01
-1.000000000000000000e+00
-9.945514729146726074e-01
9.999999073127953109e-01
1.000000000000000000e+00
-9.999889783908516572e-01
1.000000000000000000e+00
9.999999999999964473e-01
1.000000000000000000e+00
-1.000000000000000000e+00
-9.544437414563312905e-02
1.000000000000000000e+00
-9.999999999995670130e-01
9.999999999945118345e-01
1.000000000000000000e+00
