-1.000000000000000000e+00
-1.000000000000000000e+00
1.000000000000000000e+00
9.999999999999922284e-01
-1.000000000000000000e+00
9.999999996259300028e-01
-1.000000000000000000e+00
-1.000000000000000000e+00
1.000000000000000000e+00
-1.000000000000000000e+00
9.999999357050275428e-01
9.999760502957104613e-01
-1.000000000000000000e+00
-1.000000000000000000e+00
-9.999999999999943379e-01
1.000000000000000000e+00
1.000000000000000000e+00
1.000000000000000000e+00
1.000000000000000000e+00
1.000000000000000000e+00
1.000000000000000000e+00
1.000000000000000000e+00
-9.999999999962183583e-01
1.000000000000000000e+00
1.000000000000000000e+00
1.000000000000000000e+00
-1.000000000000000000e+00
-1.000000000000000000e+00
-9.999999999994140243e-01
-1.000000000000000000e+00
9.999999999999997780e-01
-1.000000000000000000e+00
1.000000000000000000e+00
-1.000000000000000000e+00
-1.000000000000000000e+00
1.000000000000000000e+00
-1.000000000000000000e+00
1.000000000000000000e+00
1.000000000000000000e+00
-1.000000000000000000e+00
1.000000000000000000e+00
9.999999999777997584e-01
9.999999999833710795e-01
-1.000000000000000000e+00
-1.000000000000000000e+00
1.000000000000000000e+00
1.000000000000000000e+00
1.000000000000000000e+00
-1.000000000000000000e+00
1.000000000000000000e+00
-8.794055239379933164e-01
-1.000000000000000000e+00
1.000000000000000000e+00
1.000000000000000000e+00
-9.997047877332608801e-01
-9.998290162303322681e-01
-1.000000000000000000e+00
1.000000000000000000e+00
1.000000000000000000e+00
-1.000000000000000000e+00
-1.000000000000000000e+00
-1.000000000000000000e+00
-1.000000000000000000e+00
1.000000000000000000e+00
-1.000000000000000000e+00
1.000000000000000000e+00
-1.000000000000000000e+00
1.000000000000000000e+00
-9.999999999999894529e-01
-1.000000000000000000e+00
1.000000000000000000e+00
-1.000000000000000000e+00
-1.000000000000000000e+00
9.999999999395048356e-01
1.000000000000000000e+00
-1.000000000000000000e+00
1.000000000000000000e+00
1.000000000000000000e+00
-1.000000000000000000e+00
-1.000000000000000000e+00
1.000000000000000000e+00
1.000000000000000000e+00
-9.999999999909577886e-01
1.000000000000000000e+00
-1.000000000000000000e+00
1.000000000000000000e+00
1.000000000000000000e+00
9.999999999999945599e-01
-9.999988863334506872e-01
1.000000000000000000e+00
1.000000000000000000e+00
-1.000000000000000000e+00
-1.000000000000000000e+00
-9.999999999999842348e-01
-9.999991351643312543e-01
-1.000000000000000000e+00
1.000000000000000000e+00
-9.999999580482248351e-01
1.000000000000000000e+00
1.000000000000000000e+00
-1.000000000000000000e+00
-1.000000000000000000e+00
1.000000000000000000e+00
9.999999968628632274e-01
-1.000000000000000000e+00
-1.000000000000000000e+00
1.000000000000000000e+00
1.000000000000000000e+00
-1.000000000000000000e+00
-9.999748404589254847e-01
1.000000000000000000e+00
1.000000000000000000e+00
1.000000000000000000e+00
1.000000000000000000e+00
-9.999991566540430421e-01
9.999999999996576072e-01
1.000000000000000000e+00
-1.000000000000000000e+00
-1.000000000000000000e+00
-1.000000000000000000e+00
1.000000000000000000e+00
-1.000000000000000000e+00
-1.000000000000000000e+00
-1.000000000000000000e+00
1.000000000000000000e+00
1.000000000000000000e+00
-9.985509346223652161e-01
1.000000000000000000e+00
1.000000000000000000e+00
9.999999999998374633e-01
-9.999999999999464873e-01
1.000000000000000000e+00
-1.000000000000000000e+00
-1.000000000000000000e+00
1.000000000000000000e+00
1.000000000000000000e+00
1.000000000000000000e+00
-1.000000000000000000e+00
-9.994277985104541573e-01
-1.000000000000000000e+00
-1.000000000000000000e+00
-1.000000000000000000e+00
1.000000000000000000e+00
1.000000000000000000e+00
-9.999999999999793499e-01
1.000000000000000000e+00
-9.984686605207246934e-01
-9.876846599943126526e-01
-1.000000000000000000e+00
-1.000000000000000000e+00
-9.999524781565065634e-01
1.000000000000000000e+00
1.000000000000000000e+00
-1.000000000000000000e+00
9.999999999999988898e-01
1.000000000000000000e+00
-9.487847925021410944e-01
1.000000000000000000e+00
-9.999999814823468114e-01
1.000000000000000000e+00
-8.745790388186274189e-01
1.000000000000000000e+00
1.000000000000000000e+00
-1.000000000000000000e+00
-1.000000000000000000e+00
1.000000000000000000e+00
1.000000000000000000e+00
-1.000000000000000000e+00
-9.999999999999561462e-01
1.000000000000000000e+00
-1.000000000000000000e+00
-1.000000000000000000e+00
1.000000000000000000e+00
-1.000000000000000000e+00
-9.999999999999860112e-01
1.000000000000000000e+00
-9.999999918823412326e-01
1.000000000000000000e+00
-1.000000000000000000e+00
1.000000000000000000e+00
-9.747106996402473689e-01
9.742809291165475116e-01
1.000000000000000000e+00
-1.000000000000000000e+00
1.000000000000000000e+00
-1.000000000000000000e+00
1.000000000000000000e+00
-1.000000000000000000e+00
-1.000000000000000000e+00
-1.000000000000000000e+00
-9.999834765711197448e-01
-1.000000000000000000e+00
-1.000000000000000000e+00
-9.975205365006633018e-01
1.000000000000000000e+00
-9.999999999999982236e-01
-9.999999999999991118e-01
1.000000000000000000e+00
-1.000000000000000000e+00
-1.000000000000000000e+00
-1.000000000000000000e+00
-1.000000000000000000e+00
-1.000000000000000000e+00
-9.999999133318802080e-01
1.000000000000000000e+00
-9.999999999999984457e-01
1.000000000000000000e+00
7.172034501615652813e-01
1.000000000000000000e+00
-1.000000000000000000e+00
-9.999999977128343209e-01
-1.000000000000000000e+00
-9.999996101917080216e-01
-1.000000000000000000e+00
1.000000000000000000e+00
-1.000000000000000000e+00
-1.000000000000000000e+00
1.000000000000000000e+00
1.000000000000000000e+00
-9.999999999999961142e-01
-1.000000000000000000e+00
1.000000000000000000e+00
1.000000000000000000e+00
1.000000000000000000e+00
1.000000000000000000e+00
-1.000000000000000000e+00
1.000000000000000000e+00
9.999728403761151130e-01
9.999999987533747525e-01
9.999999999994948485e-01
1.000000000000000000e+00
1.000000000000000000e+00
-1.000000000000000000e+00
1.000000000000000000e+00
-1.000000000000000000e+00
-1.000000000000000000e+00
-1.000000000000000000e+00
1.000000000000000000e+00
-9.999999999976546539e-01
1.000000000000000000e+00
-1.000000000000000000e+00
-1.000000000000000000e+00
1.000000000000000000e+00
1.000000000000000000e+00
1.000000000000000000e+00
1.000000000000000000e+00
-6.066582023838037324e-02
1.000000000000000000e+00
1.000000000000000000e+00
1.000000000000000000e+00
-1.000000000000000000e+00
1.000000000000000000e+00
1.000000000000000000e+00
9.994038814750012545e-01
-1.000000000000000000e+00
-1.000000000000000000e+00
-1.000000000000000000e+00
-1.000000000000000000e+00
-1.000000000000000000e+00
1.000000000000000000e+00
1.000000000000000000e+00
9.408790372623583309e-01
-1.000000000000000000e+00
-1.000000000000000000e+00
1.000000000000000000e+00
