-1.000000000000000000e+00
-1.000000000000000000e+00
1.000000000000000000e+00
1.000000000000000000e+00
1.000000000000000000e+00
9.746905674435023537e-01
1.000000000000000000e+00
-9.999999373433999805e-01
-1.000000000000000000e+00
-1.000000000000000000e+00
1.000000000000000000e+00
-1.000000000000000000e+00
9.999998793633332328e-01
9.999999999999997780e-01
-9.999999999999423794e-01
1.000000000000000000e+00
9.999611006582047601e-01
1.000000000000000000e+00
-1.000000000000000000e+00
-1.000000000000000000e+00
-1.000000000000000000e+00
-9.701783943670323485e-01
-9.999999439599988049e-01
-1.000000000000000000e+00
-9.999990635197961719e-01
-9.999987930739816511e-01
1.000000000000000000e+00
1.000000000000000000e+00
-1.000000000000000000e+00
-9.999999999999901190e-01
1.000000000000000000e+00
1.000000000000000000e+00
9.999999996543411651e-01
-1.000000000000000000e+00
9.999999999994055866e-01
-9.997555341025989861e-01
1.000000000000000000e+00
-9.999999999999996669e-01
1.000000000000000000e+00
1.000000000000000000e+00
-9.999999999989126476e-01
-9.999999999999926725e-01
1.000000000000000000e+00
9.999837543925652605e-01
-9.999998216326065892e-01
-1.000000000000000000e+00
-1.000000000000000000e+00
-1.000000000000000000e+00
1.000000000000000000e+00
-1.000000000000000000e+00
-1.000000000000000000e+00
1.000000000000000000e+00
9.999987286952161103e-01
9.991215477362647146e-01
9.999999894864922689e-01
9.999999999999994449e-01
-1.000000000000000000e+00
9.999560992035678719e-01
1.000000000000000000e+00
9.998655514805072642e-01
9.999999757958618618e-01
-1.000000000000000000e+00
9.998536252657834744e-01
-9.999999999793574013e-01
-9.696429457084679848e-01
9.999999951867573067e-01
-9.999999999696067565e-01
-1.000000000000000000e+00
-9.999997368819195653e-01
-9.992163362299848473e-01
-1.000000000000000000e+00
9.979935547957555775e-01
-9.999988260048894295e-01
-9.999999642172612280e-01
1.000000000000000000e+00
-9.999547128206288660e-01
-1.000000000000000000e+00
-9.999999999999976685e-01
-1.000000000000000000e+00
9.999999999319852950e-01
1.000000000000000000e+00
-9.999999899440943363e-01
-9.999999998200189699e-01
-1.000000000000000000e+00
1.000000000000000000e+00
1.000000000000000000e+00
1.000000000000000000e+00
-9.999999999999944489e-01
1.000000000000000000e+00
1.000000000000000000e+00
1.000000000000000000e+00
1.000000000000000000e+00
1.000000000000000000e+00
-9.999999999999997780e-01
9.995962562409592689e-01
1.000000000000000000e+00
-9.999999999999906741e-01
-9.999999969678718958e-01
-1.000000000000000000e+00
9.999999896944332667e-01
1.000000000000000000e+00
-9.999993918043496022e-01
1.000000000000000000e+00
-9.999999999999213962e-01
-9.999808163908752157e-01
1.000000000000000000e+00
-9.999999956123568623e-01
-9.999999999999974465e-01
9.999999999733353295e-01
1.000000000000000000e+00
9.983796137052214359e-01
1.000000000000000000e+00
1.000000000000000000e+00
1.000000000000000000e+00
-1.000000000000000000e+00
-9.999988706646422143e-01
-1.000000000000000000e+00
9.999999999975188736e-01
1.000000000000000000e+00
9.962081560807796166e-01
1.000000000000000000e+00
-1.000000000000000000e+00
9.999999999944637619e-01
1.000000000000000000e+00
-9.999999999999997780e-01
9.999999977631770509e-01
1.000000000000000000e+00
1.000000000000000000e+00
1.000000000000000000e+00
9.999851726348599756e-01
1.000000000000000000e+00
-9.999998985302434029e-01
-1.000000000000000000e+00
-9.999999999998554490e-01
9.987609682818145984e-01
-1.000000000000000000e+00
-1.000000000000000000e+00
-1.000000000000000000e+00
1.000000000000000000e+00
9.999999999999997780e-01
1.000000000000000000e+00
-1.000000000000000000e+00
-9.999940354278857857e-01
9.999999999611889345e-01
-9.999999999807804851e-01
-9.999998256973653410e-01
9.999999999999998890e-01
9.999998130091267701e-01
1.000000000000000000e+00
9.965859019920324524e-01
-1.000000000000000000e+00
-1.000000000000000000e+00
-9.999979582918390175e-01
-1.000000000000000000e+00
1.000000000000000000e+00
-1.000000000000000000e+00
9.999999750575492286e-01
1.000000000000000000e+00
-9.998941158991699885e-01
1.000000000000000000e+00
-1.000000000000000000e+00
9.909399590646280620e-01
-9.999985453488713372e-01
9.999866729191492221e-01
-9.999999999999997780e-01
-1.000000000000000000e+00
1.000000000000000000e+00
-9.999999999994472200e-01
-1.000000000000000000e+00
-9.999994774392120256e-01
-1.000000000000000000e+00
-1.000000000000000000e+00
1.000000000000000000e+00
-9.999999999999966693e-01
9.999999886462903609e-01
-1.000000000000000000e+00
1.000000000000000000e+00
9.999999981512435188e-01
-1.000000000000000000e+00
9.953444194011753510e-01
-1.000000000000000000e+00
1.000000000000000000e+00
-9.999083828066995805e-01
9.980275873139238252e-01
1.000000000000000000e+00
-1.000000000000000000e+00
-9.999999999929312100e-01
9.999985553288774920e-01
-9.999999977844555854e-01
9.987452242134400304e-01
1.000000000000000000e+00
-1.000000000000000000e+00
1.000000000000000000e+00
9.999999999999463762e-01
1.000000000000000000e+00
-1.000000000000000000e+00
9.999999988750798430e-01
9.999999934819590042e-01
-1.000000000000000000e+00
-9.991074738483625151e-01
1.000000000000000000e+00
-1.000000000000000000e+00
-9.999708761350787345e-01
-1.000000000000000000e+00
9.999999999999882316e-01
-9.999999966274802921e-01
-9.999999999999986677e-01
1.000000000000000000e+00
-9.999198591887138443e-01
9.999999972480932975e-01
-1.000000000000000000e+00
-9.999999999999978906e-01
-9.995089690470908561e-01
1.000000000000000000e+00
1.000000000000000000e+00
-1.000000000000000000e+00
-1.000000000000000000e+00
9.999999999806766793e-01
9.999999999999950040e-01
1.000000000000000000e+00
-1.000000000000000000e+00
9.998558140103557257e-01
-9.998731565730981652e-01
-1.000000000000000000e+00
-9.993786083787418173e-01
1.000000000000000000e+00
1.000000000000000000e+00
-1.000000000000000000e+00
1.000000000000000000e+00
9.999999999981492582e-01
-1.000000000000000000e+00
-9.999806869926546327e-01
9.999897071696971507e-01
1.000000000000000000e+00
9.999990678438479552e-01
-9.998528558036892111e-01
5.866616125027683815e-01
9.994601276398203948e-01
1.000000000000000000e+00
1.000000000000000000e+00
-1.000000000000000000e+00
1.000000000000000000e+00
-9.999999999999811262e-01
9.999998036194476247e-01
-9.999979218507644152e-01
-9.999999996227952881e-01
-1.000000000000000000e+00
9.999999999999783507e-01
9.999999894442430648e-01
-1.000000000000000000e+00
-1.000000000000000000e+00
-9.999999999999940048e-01
9.999999998901393239e-01
1.000000000000000000e+00
1.000000000000000000e+00
-9.999967493385342188e-01
9.999999966447701283e-01
-9.999999999999991118e-01
9.927111416758616080e-01
9.977336827300409272e-01
-1.000000000000000000e+00
9.999999999999962252e-01
1.000000000000000000e+00
-1.000000000000000000e+00
1.000000000000000000e+00
