-9.267808548848252004e-01
-1.000000000000000000e+00
3.157856027943022337e-01
-1.000000000000000000e+00
-1.000000000000000000e+00
-7.787165070479428186e-01
1.000000000000000000e+00
-1.000000000000000000e+00
1.000000000000000000e+00
-1.000000000000000000e+00
-1.000000000000000000e+00
8.615389232319101698e-01
-1.000000000000000000e+00
1.130868071657792351e-01
-9.692211177826124402e-01
-3.772689714464786959e-01
1.000000000000000000e+00
1.000000000000000000e+00
-1.000000000000000000e+00
-1.000000000000000000e+00
-1.000000000000000000e+00
-1.000000000000000000e+00
1.000000000000000000e+00
-1.000000000000000000e+00
4.288481108008465048e-01
-1.000000000000000000e+00
7.040141024925455904e-01
8.843913418129704107e-01
-8.370282149049910192e-01
2.707397333038390475e-01
1.000000000000000000e+00
-1.000000000000000000e+00
1.227870045195844639e-02
-9.945319753306534061e-01
1.620217027921009856e-01
1.000000000000000000e+00
-7.254049231926527064e-01
1.000000000000000000e+00
6.765667463762188305e-01
1.000000000000000000e+00
1.000000000000000000e+00
1.000000000000000000e+00
8.549278791631835794e-01
-1.000000000000000000e+00
1.413945534012609612e-02
1.000000000000000000e+00
1.000000000000000000e+00
-1.000000000000000000e+00
1.000000000000000000e+00
-1.000000000000000000e+00
-1.000000000000000000e+00
-6.501426911447898416e-01
-9.255690144533369468e-01
-1.000000000000000000e+00
8.817658153388349129e-01
-9.236886070945067306e-01
-1.000000000000000000e+00
1.000000000000000000e+00
1.000000000000000000e+00
6.564281896058518084e-01
8.715620243138092471e-01
1.000000000000000000e+00
1.000000000000000000e+00
1.004711318043739476e-01
1.000000000000000000e+00
-1.000000000000000000e+00
1.000000000000000000e+00
1.000000000000000000e+00
1.000000000000000000e+00
-4.220684986448831055e-01
5.765499893183648750e-01
-8.357262431035540340e-01
3.322844937828839385e-01
1.000000000000000000e+00
4.239016243005616635e-02
1.000000000000000000e+00
1.000000000000000000e+00
9.016631621194599600e-01
-1.000000000000000000e+00
-1.000000000000000000e+00
-1.000000000000000000e+00
-1.000000000000000000e+00
-1.000000000000000000e+00
7.104209746480660836e-01
-8.575115603769947192e-01
-1.588753665288417660e-01
-8.497267087815489894e-01
6.070434932389316973e-01
1.000000000000000000e+00
-1.000000000000000000e+00
1.000000000000000000e+00
9.089110425099642399e-01
-1.000000000000000000e+00
1.000000000000000000e+00
-1.000000000000000000e+00
-1.000000000000000000e+00
-1.000000000000000000e+00
-2.706924556226819600e-01
-7.318478651678806957e-01
1.021232930393325966e-01
1.000000000000000000e+00
1.000000000000000000e+00
-1.000000000000000000e+00
9.461088751458925916e-01
9.215580834446992498e-01
1.658566354972318413e-02
-2.143908859509470188e-01
-1.000000000000000000e+00
1.000000000000000000e+00
1.000000000000000000e+00
1.000000000000000000e+00
1.000000000000000000e+00
-1.000000000000000000e+00
-8.570643340492556383e-02
6.196231720170266577e-01
-1.000000000000000000e+00
-1.000000000000000000e+00
1.000000000000000000e+00
1.000000000000000000e+00
-7.590425770635910174e-01
2.153434999368925851e-01
1.000000000000000000e+00
1.000000000000000000e+00
-6.805715470609745577e-01
-1.000000000000000000e+00
-1.000000000000000000e+00
6.617850639391931189e-01
1.000000000000000000e+00
8.295968591847361351e-01
-4.933872191038517485e-01
1.000000000000000000e+00
1.000000000000000000e+00
9.209341529243424418e-01
-4.247802319512857805e-01
-1.000000000000000000e+00
1.000000000000000000e+00
-1.000000000000000000e+00
4.594850917623023445e-01
1.000000000000000000e+00
1.000000000000000000e+00
8.744765151768716382e-01
-8.348785999611361142e-01
1.000000000000000000e+00
1.000000000000000000e+00
1.000000000000000000e+00
-1.000000000000000000e+00
-1.000000000000000000e+00
1.000000000000000000e+00
9.625749381486543577e-01
-1.000000000000000000e+00
-3.470869673268812128e-01
-1.000000000000000000e+00
8.911798260444747655e-01
-5.991444106297194594e-01
-1.000000000000000000e+00
1.000000000000000000e+00
-1.000000000000000000e+00
1.279678052273155453e-01
8.663311933664815667e-01
1.000000000000000000e+00
-1.000000000000000000e+00
-4.476227165726501256e-02
9.793045877609029004e-01
1.000000000000000000e+00
1.000000000000000000e+00
-1.000000000000000000e+00
-1.000000000000000000e+00
-1.000000000000000000e+00
-1.000000000000000000e+00
-1.000000000000000000e+00
9.791511401151212768e-01
1.000000000000000000e+00
1.000000000000000000e+00
4.978484230734756544e-01
8.261251826342568272e-01
9.476156751802160549e-01
-1.000000000000000000e+00
-2.578135451989981286e-01
-6.137383055398093479e-02
-9.367774310875551791e-01
9.324192348210378345e-01
-1.000000000000000000e+00
1.000000000000000000e+00
1.000000000000000000e+00
4.732267697396206341e-01
-1.000000000000000000e+00
8.444441187559688089e-01
6.415940584395384283e-01
1.000000000000000000e+00
1.000000000000000000e+00
3.135118379468272432e-01
-1.000000000000000000e+00
1.000000000000000000e+00
-1.000000000000000000e+00
-1.000000000000000000e+00
-1.000000000000000000e+00
4.694651750915953548e-01
1.000000000000000000e+00
-3.777358212523428405e-01
-1.000000000000000000e+00
-1.000000000000000000e+00
1.000000000000000000e+00
-1.000000000000000000e+00
-7.443365387347001816e-01
-1.000000000000000000e+00
-1.000000000000000000e+00
-1.000000000000000000e+00
-1.000000000000000000e+00
9.859394667879080032e-01
-1.000000000000000000e+00
-8.687806700902864776e-01
-1.000000000000000000e+00
7.500144005613281761e-01
1.353610286334370194e-01
-3.717453074087441744e-01
-1.937744773144479959e-01
-1.000000000000000000e+00
-1.000000000000000000e+00
5.751672889288530488e-01
-3.249162816810786114e-01
-5.080080339187830196e-01
9.588302133310699915e-01
-1.338596092457948750e-01
2.539356553804299477e-01
-7.040541997385374451e-02
-3.601557106297681443e-01
-9.739640523792296722e-01
-1.554192994655390070e-01
9.100198157961705281e-01
2.733744276810254892e-01
9.294205152759351662e-01
2.308012465838149563e-01
4.217525816600320443e-01
9.693355055188812575e-01
4.003024073101622005e-01
4.076636042407451033e-01
5.914808252629382146e-01
5.376870948559844265e-01
4.773049102222284290e-01
-4.152629705305901364e-01
8.607954943712674556e-01
2.689496148916474816e-01
-2.457585011429983535e-01
5.231500048906321254e-01
3.219857768663445530e-01
-4.881666445402739196e-01
3.429261732265100893e-01
7.695736410428399843e-02
-4.256054285929631309e-01
-9.522822164362261255e-01
-1.876940810648286551e-01
3.920471466327273280e-01
-7.928152408236168736e-01
3.905865690743179908e-01
-2.714977414069654205e-01
-7.684452975064457458e-01
3.473879784728983178e-01
7.314833286834939718e-01
-9.988610784759255345e-02
1.000000000000000000e+00
7.839415962151241590e-02
6.367229842146019392e-01
4.269018908859180672e-01
-1.000000000000000000e+00
-2.732381864555624151e-01
