1.000000000000000000e+00
-1.000000000000000000e+00
1.000000000000000000e+00
1.000000000000000000e+00
-1.000000000000000000e+00
3.604605515379830094e-01
-5.011567687147289174e-01
6.793650176272836294e-01
5.155417646498101636e-01
1.000000000000000000e+00
-1.000000000000000000e+00
8.703891630599747131e-01
-1.000000000000000000e+00
-9.016529267034519846e-01
9.682699598855831757e-01
-9.879488216257711342e-01
-2.758235794629924631e-01
-7.073260145106808894e-01
-1.000000000000000000e+00
-9.104049876557804843e-01
-1.120935626259108725e-01
4.223645054972636204e-01
6.484484802095562550e-01
1.000000000000000000e+00
1.000000000000000000e+00
1.861798656822175602e-01
3.167768312322216673e-02
1.000000000000000000e+00
-1.000000000000000000e+00
1.000000000000000000e+00
-9.215627752684307783e-03
-1.823182349407007352e-01
8.784680288540351878e-01
-2.664612278905067466e-01
-2.914713379529274562e-01
4.501926441680411117e-01
-3.901517112298785728e-02
5.984112007236235264e-01
4.024805733772344185e-01
-9.242099949250593971e-01
-1.739644253657416095e-01
-1.000000000000000000e+00
-9.217955250765095254e-01
-1.000000000000000000e+00
1.000000000000000000e+00
-5.581991826879464380e-01
1.000000000000000000e+00
4.620998875970501185e-01
-1.000000000000000000e+00
1.000000000000000000e+00
4.104213741685256434e-01
5.636397567561514110e-01
1.000000000000000000e+00
-3.912348251368554797e-01
-1.000000000000000000e+00
-1.000000000000000000e+00
1.000000000000000000e+00
-1.000000000000000000e+00
-2.985780399995072165e-01
-1.000000000000000000e+00
-5.007907237858358895e-01
-6.111136432712753752e-01
-8.453240056439719208e-01
-6.204152883403255547e-01
-1.517203151234282621e-01
1.000000000000000000e+00
-5.172490934026146014e-01
-9.380809838630495001e-01
-1.000000000000000000e+00
-1.000000000000000000e+00
3.642662470671400587e-01
5.525890127104943206e-01
-1.000000000000000000e+00
-8.591039857733588914e-01
-1.000000000000000000e+00
-1.000000000000000000e+00
6.000000000000000888e-01
3.581645546844779426e-01
1.000000000000000000e+00
5.867309236152833396e-01
1.000000000000000000e+00
1.000000000000000000e+00
-5.518232664239086649e-01
-1.000000000000000000e+00
3.935215149647864896e-01
1.000000000000000000e+00
-3.160082521335288996e-01
1.000000000000000000e+00
-1.000000000000000000e+00
-1.000000000000000000e+00
1.000000000000000000e+00
9.348168630282018832e-01
-7.846971676435748888e-01
4.987408080510671304e-01
-1.000000000000000000e+00
2.913104280689678416e-01
-6.235791020456250555e-01
1.000000000000000000e+00
-4.131753787367766773e-01
-1.000000000000000000e+00
1.000000000000000000e+00
-7.013636095327390185e-01
5.310964423205880580e-01
-5.883574633111859908e-02
-1.566019175251365525e-01
-1.000000000000000000e+00
1.087186062053704383e-01
9.609076975521793074e-01
-1.000000000000000000e+00
-7.289875556114000510e-01
-6.749077349991466912e-01
6.269808933753534541e-01
8.569502856745601083e-01
1.669267675213331192e-01
-1.000000000000000000e+00
-1.000000000000000000e+00
6.674744807141070879e-01
9.280099352147350711e-01
-1.000000000000000000e+00
-1.000000000000000000e+00
1.000000000000000000e+00
1.000000000000000000e+00
-1.000000000000000000e+00
-6.917797905106521927e-01
1.000000000000000000e+00
7.597328432191488012e-01
-1.000000000000000000e+00
1.000000000000000000e+00
-1.000000000000000000e+00
5.334377804463602546e-01
1.000000000000000000e+00
2.421745911743828639e-01
-1.000000000000000000e+00
1.000000000000000000e+00
-2.974386825111611787e-01
-1.000000000000000000e+00
-1.908253868608771331e-01
-1.000000000000000000e+00
-1.000000000000000000e+00
-9.669564149880118809e-01
1.000000000000000000e+00
1.000000000000000000e+00
9.884278645609484437e-01
-5.183302733219744551e-01
-6.311928376087677650e-02
2.488207019772449846e-01
-2.287974155125916953e-01
-1.134687762542388317e-01
-1.000000000000000000e+00
-1.000000000000000000e+00
8.900318367468934566e-01
1.000000000000000000e+00
-6.750114586240475445e-01
-1.000000000000000000e+00
-1.000000000000000000e+00
2.627035254111520501e-02
-1.000000000000000000e+00
5.769288825870525494e-01
3.715719986171377998e-01
-7.715954018992163821e-01
-4.013840657483618846e-01
1.000000000000000000e+00
-1.000000000000000000e+00
1.000000000000000000e+00
-7.972733850450589577e-01
-1.000000000000000000e+00
1.000000000000000000e+00
7.618452328219706970e-01
1.000000000000000000e+00
1.000000000000000000e+00
1.000000000000000000e+00
-1.000000000000000000e+00
2.437048084554006566e-01
1.000000000000000000e+00
-1.000000000000000000e+00
1.000000000000000000e+00
1.000000000000000000e+00
-1.000000000000000000e+00
-1.000000000000000000e+00
1.000000000000000000e+00
9.619468022188573109e-01
1.000000000000000000e+00
4.957196480781915215e-01
-1.000000000000000000e+00
1.000000000000000000e+00
-9.273630687861796895e-01
-1.000000000000000000e+00
8.795256108959754737e-01
-6.922479029420345320e-01
1.000000000000000000e+00
-6.167761342723854234e-01
-1.000000000000000000e+00
-1.000000000000000000e+00
-3.259858259898311683e-01
1.000000000000000000e+00
1.000000000000000000e+00
-1.000000000000000000e+00
1.000000000000000000e+00
-6.553537081376269446e-01
3.115383609807195198e-01
-1.000000000000000000e+00
-1.000000000000000000e+00
-8.959989254724892715e-01
1.000000000000000000e+00
-1.000000000000000000e+00
-1.612294062790483318e-01
-9.516413271358102888e-01
1.000000000000000000e+00
-5.837254523958224084e-01
-1.000000000000000000e+00
9.484986921360931689e-01
-9.395212197499214213e-02
8.622427422563052613e-01
9.757346988228101647e-01
7.068029558275095159e-01
-6.675684825697427716e-01
-3.523224875435564396e-01
-8.343566583314039331e-01
8.296650788715929092e-01
1.750234385648579138e-01
-1.468818306905164128e-01
-1.535662900378687024e-02
1.000000000000000000e+00
4.387973867078037715e-01
-4.359830510393210568e-01
4.054336781036981252e-01
1.000000000000000000e+00
-4.829122153879631396e-01
4.779045737975185504e-01
-1.000000000000000000e+00
-2.277080207039012261e-01
1.000000000000000000e+00
-8.030163446720779419e-01
9.541350484063961801e-01
3.370940895147453986e-01
-9.426382252176268572e-01
-4.078971961708686145e-01
4.297786262220733011e-01
-6.673553160351355373e-01
-8.067134371672912696e-01
1.400029175220047772e-01
-9.192626697977748229e-01
1.523654994172893851e-01
-3.376053031742636268e-01
7.205903453629654010e-01
-5.511816616851246131e-01
8.911089980348052553e-01
-8.074594931409562193e-01
8.530210241544560201e-01
-3.415890893349904367e-02
-5.068367814531693494e-01
-2.482181710087172366e-01
2.790501423763385169e-01
-7.654234865084945660e-01
-5.610201401419780964e-01
5.557825979057930965e-01
-3.566419648852061641e-01
8.970197349581818802e-01
5.271123006619804485e-02
2.897499934484453199e-01
6.721855705585477736e-02
-2.562624079337998406e-01
8.200846475480383369e-02
7.784672830835330792e-01
-4.336384936343491425e-01
