1.000000000000000000e+00
1.000000000000000000e+00
-1.000000000000000000e+00
1.000000000000000000e+00
1.000000000000000000e+00
1.000000000000000000e+00
1.000000000000000000e+00
-1.000000000000000000e+00
-1.000000000000000000e+00
-9.970559298642427404e-01
-1.000000000000000000e+00
-1.000000000000000000e+00
-1.000000000000000000e+00
-1.000000000000000000e+00
9.163201729705076071e-01
2.192938616636613824e-02
1.000000000000000000e+00
-1.000000000000000000e+00
6.836276589067816767e-01
1.000000000000000000e+00
1.000000000000000000e+00
6.267863593397896560e-01
-1.000000000000000000e+00
-7.098663986099084111e-01
-1.000000000000000000e+00
-1.000000000000000000e+00
1.000000000000000000e+00
1.000000000000000000e+00
8.904401194287312471e-01
-1.000000000000000000e+00
-1.000000000000000000e+00
-1.000000000000000000e+00
-1.000000000000000000e+00
9.461630298587513366e-01
-1.000000000000000000e+00
1.000000000000000000e+00
6.812398596453044242e-01
-1.000000000000000000e+00
-1.000000000000000000e+00
1.000000000000000000e+00
-5.122234596233038451e-03
-6.800000000000000488e-01
1.000000000000000000e+00
8.684757350171110613e-01
-1.000000000000000000e+00
-9.096590478161878934e-01
1.000000000000000000e+00
-6.000000000000000888e-01
1.000000000000000000e+00
1.000000000000000000e+00
6.673423053076421585e-01
-1.000000000000000000e+00
-8.450222140409318072e-01
-1.000000000000000000e+00
1.000000000000000000e+00
-6.518438148526872755e-01
-1.000000000000000000e+00
-3.884639497158266508e-01
-1.000000000000000000e+00
-1.000000000000000000e+00
1.000000000000000000e+00
1.000000000000000000e+00
-1.000000000000000000e+00
1.000000000000000000e+00
1.000000000000000000e+00
1.000000000000000000e+00
-1.000000000000000000e+00
1.000000000000000000e+00
1.000000000000000000e+00
-1.000000000000000000e+00
1.000000000000000000e+00
1.000000000000000000e+00
-1.000000000000000000e+00
6.000000000000000888e-01
-1.000000000000000000e+00
1.000000000000000000e+00
-1.000000000000000000e+00
1.000000000000000000e+00
4.130828999266444868e-01
-4.603330631271922435e-01
1.000000000000000000e+00
1.000000000000000000e+00
-1.000000000000000000e+00
-1.000000000000000000e+00
9.499061495939418176e-01
-1.000000000000000000e+00
7.551909907263598676e-01
1.000000000000000000e+00
-1.000000000000000000e+00
1.000000000000000000e+00
1.000000000000000000e+00
1.000000000000000000e+00
8.567759564776540326e-01
1.000000000000000000e+00
1.000000000000000000e+00
-1.000000000000000000e+00
-1.000000000000000000e+00
1.000000000000000000e+00
6.000000000000000888e-01
-1.000000000000000000e+00
1.000000000000000000e+00
-9.154558958368309574e-01
-1.000000000000000000e+00
-1.000000000000000000e+00
1.000000000000000000e+00
1.000000000000000000e+00
-7.000685459441444713e-01
-6.118078829144791841e-01
-1.000000000000000000e+00
1.000000000000000000e+00
1.000000000000000000e+00
-1.000000000000000000e+00
-1.000000000000000000e+00
1.000000000000000000e+00
1.000000000000000000e+00
-1.000000000000000000e+00
7.572105019349594235e-01
-1.000000000000000000e+00
1.000000000000000000e+00
-1.000000000000000000e+00
1.000000000000000000e+00
-1.000000000000000000e+00
-7.782823632508723000e-01
1.000000000000000000e+00
-1.000000000000000000e+00
1.000000000000000000e+00
1.000000000000000000e+00
1.000000000000000000e+00
1.000000000000000000e+00
-1.000000000000000000e+00
-1.000000000000000000e+00
1.000000000000000000e+00
-1.000000000000000000e+00
5.224016748409460176e-01
6.587692518931553831e-01
6.402447202811153426e-01
7.715964551863717658e-01
1.000000000000000000e+00
-1.000000000000000000e+00
-9.131759512592871886e-01
1.000000000000000000e+00
-8.696404217744901910e-01
-8.454936445674976486e-01
-5.379197539092552827e-01
4.877225735171109022e-02
1.000000000000000000e+00
-1.000000000000000000e+00
-1.000000000000000000e+00
-1.000000000000000000e+00
-1.000000000000000000e+00
1.000000000000000000e+00
2.163709222315876035e-01
1.000000000000000000e+00
1.587606504604073265e-01
1.000000000000000000e+00
-1.000000000000000000e+00
-1.000000000000000000e+00
1.000000000000000000e+00
-1.000000000000000000e+00
1.000000000000000000e+00
1.000000000000000000e+00
-5.061118987893484800e-01
1.000000000000000000e+00
1.000000000000000000e+00
-1.000000000000000000e+00
4.415742677033869246e-01
-1.000000000000000000e+00
-1.000000000000000000e+00
-1.000000000000000000e+00
-1.000000000000000000e+00
1.000000000000000000e+00
-2.787882389587814647e-02
-1.000000000000000000e+00
-1.000000000000000000e+00
1.000000000000000000e+00
-1.000000000000000000e+00
-1.000000000000000000e+00
8.479858760799900974e-01
1.000000000000000000e+00
-1.000000000000000000e+00
1.000000000000000000e+00
1.000000000000000000e+00
-6.872245501105145316e-01
-1.000000000000000000e+00
-1.000000000000000000e+00
-1.000000000000000000e+00
1.000000000000000000e+00
-1.000000000000000000e+00
-1.000000000000000000e+00
-1.000000000000000000e+00
-1.000000000000000000e+00
-4.111103240025417715e-01
-1.000000000000000000e+00
8.672249969277854298e-01
-1.000000000000000000e+00
1.000000000000000000e+00
-1.000000000000000000e+00
-1.000000000000000000e+00
-7.307999855801224909e-01
9.309387872934736796e-01
1.000000000000000000e+00
-1.000000000000000000e+00
-1.000000000000000000e+00
-1.000000000000000000e+00
-1.000000000000000000e+00
-1.000000000000000000e+00
1.000000000000000000e+00
-1.000000000000000000e+00
-1.000000000000000000e+00
-1.000000000000000000e+00
-1.000000000000000000e+00
6.574377528239508384e-02
-1.000000000000000000e+00
1.000000000000000000e+00
1.000000000000000000e+00
-1.000000000000000000e+00
1.000000000000000000e+00
-1.000000000000000000e+00
-6.000000000000000888e-01
-4.098597409511646195e-01
1.771567383543189989e-01
-1.000000000000000000e+00
1.000000000000000000e+00
6.812144687463919657e-02
1.000000000000000000e+00
-7.361648483364439111e-01
-1.000000000000000000e+00
7.641957400111427656e-01
-1.000000000000000000e+00
-8.122582550639557697e-01
7.123437284300807582e-01
-7.479479322466243696e-01
-1.795086615708947897e-01
1.000000000000000000e+00
-6.883729737383961211e-01
6.370064503941684775e-01
1.564051162929908090e-01
6.000000000000000888e-01
8.696409415080781358e-01
1.000000000000000000e+00
1.000000000000000000e+00
1.000000000000000000e+00
-1.000000000000000000e+00
6.347833133854383636e-01
-6.000000000000000888e-01
3.381914279423298142e-01
-7.991967320434374411e-01
-1.000000000000000000e+00
7.261656823943035688e-02
9.736904780922155389e-01
-1.000000000000000000e+00
9.511448331734435602e-01
1.073322313374056036e-01
1.000000000000000000e+00
4.427991553613435105e-01
6.421360592887537244e-01
-7.795870084378864195e-01
-1.000000000000000000e+00
-1.000000000000000000e+00
6.872321111584156483e-01
1.000000000000000000e+00
-4.369576579921409798e-01
-3.948193422333742264e-01
1.000000000000000000e+00
1.000000000000000000e+00
