-1.000000000000000000e+00
9.999998683651285525e-01
-9.834003155430186549e-01
-9.999483618509530380e-01
9.999792679009262830e-01
-1.000000000000000000e+00
-9.999994124593707401e-01
-9.999809867253371953e-01
1.000000000000000000e+00
1.000000000000000000e+00
-1.000000000000000000e+00
-1.000000000000000000e+00
-9.950075752947309393e-01
-9.909761697688130866e-01
1.000000000000000000e+00
9.969190983811827556e-01
-9.986805629085574454e-01
-9.999997258008503920e-01
9.999522265723768122e-01
9.997609858074107958e-01
1.000000000000000000e+00
-9.899672284888666463e-01
1.000000000000000000e+00
9.999204920384674455e-01
-9.998897831709452344e-01
9.964569950476771520e-01
1.000000000000000000e+00
-1.000000000000000000e+00
1.000000000000000000e+00
9.999891912916020198e-01
1.000000000000000000e+00
-9.965128424918732186e-01
1.000000000000000000e+00
1.000000000000000000e+00
1.000000000000000000e+00
1.000000000000000000e+00
-9.984804794220534241e-01
-1.000000000000000000e+00
9.553846107920354047e-01
-1.000000000000000000e+00
-1.000000000000000000e+00
1.000000000000000000e+00
9.440353840296733523e-01
-9.999971757871158884e-01
-9.999966958333985634e-01
1.000000000000000000e+00
-1.000000000000000000e+00
-9.995186845250894070e-01
1.000000000000000000e+00
9.978265267351321688e-01
1.000000000000000000e+00
1.000000000000000000e+00
-1.000000000000000000e+00
-9.999156607355359494e-01
9.640042752830491057e-01
-9.996351814525713531e-01
1.000000000000000000e+00
1.000000000000000000e+00
9.999657626356748263e-01
9.635622122450122617e-01
-1.000000000000000000e+00
-1.000000000000000000e+00
1.000000000000000000e+00
9.999702053812408176e-01
-9.999737286519554402e-01
-1.000000000000000000e+00
-1.000000000000000000e+00
-1.000000000000000000e+00
-1.000000000000000000e+00
-9.998690611413627582e-01
-1.000000000000000000e+00
1.000000000000000000e+00
9.999999995815328502e-01
1.000000000000000000e+00
9.979241815067234622e-01
-1.000000000000000000e+00
-9.999997837565006709e-01
-1.000000000000000000e+00
-1.000000000000000000e+00
-9.998912712298929639e-01
9.939629876657311014e-01
-9.999998960778785362e-01
-9.999845404489089429e-01
-1.000000000000000000e+00
9.996297801653443171e-01
-9.999995273047949107e-01
9.988939975044723862e-01
-9.997311767207133215e-01
-9.999830842317249946e-01
9.999725068546654327e-01
9.999982284573053493e-01
1.000000000000000000e+00
-8.615239356448353147e-01
-1.000000000000000000e+00
1.000000000000000000e+00
1.000000000000000000e+00
1.000000000000000000e+00
-9.988467005123273790e-01
-1.000000000000000000e+00
1.000000000000000000e+00
-1.000000000000000000e+00
-1.000000000000000000e+00
9.999999535804442452e-01
-1.000000000000000000e+00
1.000000000000000000e+00
9.990031208366006998e-01
1.000000000000000000e+00
1.000000000000000000e+00
1.000000000000000000e+00
-1.000000000000000000e+00
9.999865433630259481e-01
-9.999499134390934518e-01
1.000000000000000000e+00
1.000000000000000000e+00
-1.000000000000000000e+00
1.000000000000000000e+00
-9.924983705920471522e-01
-9.998132609011372018e-01
-9.999997451893192224e-01
9.990008229998355027e-01
9.993462395901702155e-01
-9.999165958464666382e-01
2.566821579710818479e-01
1.000000000000000000e+00
-1.000000000000000000e+00
-1.000000000000000000e+00
-1.000000000000000000e+00
-1.000000000000000000e+00
-1.000000000000000000e+00
9.998119833644552035e-01
-9.986106365546167929e-01
-9.999984546322860934e-01
-1.000000000000000000e+00
9.999833543011702464e-01
-1.000000000000000000e+00
1.000000000000000000e+00
1.000000000000000000e+00
1.000000000000000000e+00
1.000000000000000000e+00
-1.000000000000000000e+00
-9.997291779973660475e-01
9.999486923559040008e-01
9.982483878518927378e-01
-9.999997094338901604e-01
-9.999121479708591442e-01
9.996290846776513250e-01
9.972600695718463193e-01
-9.999347888410949903e-01
1.000000000000000000e+00
-1.000000000000000000e+00
-1.000000000000000000e+00
-4.314632115894141418e-01
1.000000000000000000e+00
-1.000000000000000000e+00
9.981027868981542372e-01
1.000000000000000000e+00
1.000000000000000000e+00
-1.000000000000000000e+00
1.000000000000000000e+00
9.935025610033150212e-01
1.000000000000000000e+00
9.997607285992949899e-01
-9.999984701740067816e-01
7.615423043209244014e-01
-1.000000000000000000e+00
9.972555103649440866e-01
-9.112385482759433053e-01
-1.000000000000000000e+00
-1.000000000000000000e+00
1.000000000000000000e+00
9.999088334670979128e-01
-1.000000000000000000e+00
1.000000000000000000e+00
-9.921527825101371656e-01
-1.000000000000000000e+00
9.999669959678274545e-01
-9.986090870717514445e-01
1.000000000000000000e+00
-9.999815142936241408e-01
-9.991457532826754084e-01
1.000000000000000000e+00
1.000000000000000000e+00
9.999943651272650280e-01
1.000000000000000000e+00
1.000000000000000000e+00
1.000000000000000000e+00
-1.000000000000000000e+00
-9.999918877980811249e-01
-9.999984054760691077e-01
-9.996379338479080001e-01
9.999669761309983862e-01
-4.358913846151157151e-02
-1.000000000000000000e+00
1.000000000000000000e+00
1.000000000000000000e+00
-1.000000000000000000e+00
1.000000000000000000e+00
9.961398977566785495e-01
1.000000000000000000e+00
9.999206149061563575e-01
1.000000000000000000e+00
1.000000000000000000e+00
9.784126266713351061e-01
-9.282573382583041433e-01
-9.799141738089787168e-01
9.879919613555699920e-01
-9.995772095203353524e-01
-9.770953597474395513e-01
1.000000000000000000e+00
1.000000000000000000e+00
-1.000000000000000000e+00
-1.000000000000000000e+00
9.999493183993503065e-01
9.981185016775159236e-01
1.000000000000000000e+00
-9.999802461528055630e-01
1.000000000000000000e+00
-9.994841422425719824e-01
1.000000000000000000e+00
9.562307006216625993e-01
-9.999953643756692712e-01
-9.893201109293210394e-01
9.999958235959822694e-01
9.999009209593894276e-01
9.990702726029634384e-01
-9.945102874951607941e-01
-5.315668639810654517e-01
9.950556099070601013e-01
-1.000000000000000000e+00
9.994440020359242061e-01
9.998964244657495559e-01
9.999861691547278220e-01
-9.998245450997075290e-01
9.967715663616801836e-01
-1.000000000000000000e+00
9.999485880278216055e-01
-1.000000000000000000e+00
1.000000000000000000e+00
1.000000000000000000e+00
9.995435909758452198e-01
9.978180968687657693e-01
1.000000000000000000e+00
9.995447842013043260e-01
9.995245564885313350e-01
9.996143895398795776e-01
-9.999531411797323299e-01
-1.000000000000000000e+00
-1.000000000000000000e+00
9.838826309196505582e-01
1.000000000000000000e+00
9.847829215855932183e-01
9.466388859722874027e-01
9.991532498996167355e-01
-9.984563062267085565e-01
1.000000000000000000e+00
1.000000000000000000e+00
-9.999186211255179924e-01
1.000000000000000000e+00
1.000000000000000000e+00
-1.000000000000000000e+00
-9.991077975893425389e-01
9.999307417603687798e-01
-1.000000000000000000e+00
1.000000000000000000e+00
1.000000000000000000e+00
