1.000000000000000000e+00
9.944864676185389829e-01
-1.000000000000000000e+00
-1.000000000000000000e+00
6.219660550778168817e-01
1.000000000000000000e+00
-1.000000000000000000e+00
-1.000000000000000000e+00
1.000000000000000000e+00
9.448502875998240347e-01
-1.000000000000000000e+00
9.912543371817887916e-01
1.000000000000000000e+00
9.942156786193390161e-01
1.000000000000000000e+00
1.000000000000000000e+00
1.000000000000000000e+00
1.000000000000000000e+00
9.993051155967147547e-01
1.000000000000000000e+00
-1.000000000000000000e+00
1.000000000000000000e+00
-9.975989414981111247e-01
-9.999999995425143950e-01
-1.000000000000000000e+00
-1.000000000000000000e+00
9.999999408807638268e-01
-9.961666027691401526e-01
-1.000000000000000000e+00
1.000000000000000000e+00
1.000000000000000000e+00
1.000000000000000000e+00
-1.000000000000000000e+00
9.999979947262257474e-01
-9.838914048048446048e-01
1.000000000000000000e+00
-9.979163588206036994e-01
-9.999995099053098357e-01
9.391991230280964942e-01
-1.000000000000000000e+00
1.000000000000000000e+00
1.000000000000000000e+00
-5.137560656053009600e-01
-9.999347759308420125e-01
1.000000000000000000e+00
-1.000000000000000000e+00
-1.000000000000000000e+00
1.000000000000000000e+00
-1.000000000000000000e+00
-3.811213433431389630e-01
-9.944954473237319625e-01
-1.000000000000000000e+00
-9.999998736683720635e-01
-1.000000000000000000e+00
-1.860539744628857961e-01
9.652618115350132255e-01
-9.971707123644115711e-01
-1.000000000000000000e+00
9.995301229627771011e-01
-1.000000000000000000e+00
-1.000000000000000000e+00
-1.000000000000000000e+00
-1.000000000000000000e+00
-1.000000000000000000e+00
1.000000000000000000e+00
-9.999995771704944802e-01
1.000000000000000000e+00
9.990540377725141141e-01
-1.000000000000000000e+00
1.000000000000000000e+00
9.614840815438012722e-01
-9.991602699828837642e-01
-1.000000000000000000e+00
-9.999912389804208601e-01
1.000000000000000000e+00
-1.000000000000000000e+00
-1.000000000000000000e+00
-1.000000000000000000e+00
-9.999408840292162148e-01
-1.000000000000000000e+00
9.653065043317914373e-01
-9.800107708604778312e-01
9.999054297966283311e-01
9.759965477459022765e-01
-9.999738134871020145e-01
-9.999999657600742164e-01
-3.513414155948935136e-01
-1.000000000000000000e+00
9.999712301437531092e-01
-1.000000000000000000e+00
9.976096312045625858e-01
-1.000000000000000000e+00
-1.000000000000000000e+00
1.000000000000000000e+00
-1.000000000000000000e+00
5.277832394391186455e-01
1.000000000000000000e+00
9.999999999982811527e-01
-9.981581581178635698e-01
1.000000000000000000e+00
1.000000000000000000e+00
-1.000000000000000000e+00
-1.000000000000000000e+00
1.000000000000000000e+00
1.000000000000000000e+00
9.974842005318742544e-01
9.917141664262585365e-01
-1.000000000000000000e+00
1.000000000000000000e+00
-1.000000000000000000e+00
-1.000000000000000000e+00
9.999999849190016610e-01
9.811635094129939061e-01
9.999998615020285753e-01
9.999994947980981319e-01
-1.000000000000000000e+00
-1.000000000000000000e+00
1.000000000000000000e+00
9.998336787707350348e-01
9.999992034022340270e-01
-1.000000000000000000e+00
9.999997172485336483e-01
-1.000000000000000000e+00
1.000000000000000000e+00
1.000000000000000000e+00
9.999180892550192379e-01
1.000000000000000000e+00
-9.985528609020966062e-01
-1.000000000000000000e+00
-9.940068477037470318e-01
-1.000000000000000000e+00
-1.000000000000000000e+00
-1.000000000000000000e+00
1.000000000000000000e+00
-1.000000000000000000e+00
-1.000000000000000000e+00
1.000000000000000000e+00
-9.999999998757467257e-01
1.000000000000000000e+00
1.000000000000000000e+00
9.981351035729827403e-01
-1.000000000000000000e+00
1.000000000000000000e+00
-1.000000000000000000e+00
1.000000000000000000e+00
1.000000000000000000e+00
1.000000000000000000e+00
-1.000000000000000000e+00
-1.000000000000000000e+00
-1.000000000000000000e+00
1.000000000000000000e+00
-9.999506860350579895e-01
9.998205733028441289e-01
-1.000000000000000000e+00
-1.000000000000000000e+00
-1.000000000000000000e+00
1.000000000000000000e+00
-1.000000000000000000e+00
-1.000000000000000000e+00
1.000000000000000000e+00
1.000000000000000000e+00
1.000000000000000000e+00
1.000000000000000000e+00
1.000000000000000000e+00
9.999999999802835493e-01
1.000000000000000000e+00
1.000000000000000000e+00
-9.999999599954427776e-01
-1.000000000000000000e+00
-9.980358835598216460e-01
9.999255310554557852e-01
1.000000000000000000e+00
-1.000000000000000000e+00
-1.000000000000000000e+00
9.999922341366157541e-01
1.000000000000000000e+00
-9.999999997280731856e-01
1.000000000000000000e+00
-1.000000000000000000e+00
-9.999151974423238221e-01
-1.000000000000000000e+00
-1.000000000000000000e+00
-1.000000000000000000e+00
-1.000000000000000000e+00
-1.000000000000000000e+00
8.262775066662992884e-01
-1.000000000000000000e+00
-1.000000000000000000e+00
1.000000000000000000e+00
1.000000000000000000e+00
-9.999999996527315638e-01
-1.000000000000000000e+00
-1.000000000000000000e+00
1.000000000000000000e+00
1.000000000000000000e+00
-1.000000000000000000e+00
1.000000000000000000e+00
1.000000000000000000e+00
-1.000000000000000000e+00
-1.000000000000000000e+00
1.000000000000000000e+00
-1.000000000000000000e+00
1.000000000000000000e+00
-1.000000000000000000e+00
1.000000000000000000e+00
-9.999878952897676143e-01
1.000000000000000000e+00
1.000000000000000000e+00
1.000000000000000000e+00
-1.000000000000000000e+00
-1.000000000000000000e+00
-9.047542601730542700e-01
-9.999801567645991707e-01
1.000000000000000000e+00
-9.999979121518844938e-01
1.000000000000000000e+00
-1.000000000000000000e+00
-1.000000000000000000e+00
1.000000000000000000e+00
-1.000000000000000000e+00
1.000000000000000000e+00
1.000000000000000000e+00
-1.000000000000000000e+00
-1.000000000000000000e+00
9.999995331034410295e-01
1.000000000000000000e+00
-1.000000000000000000e+00
-1.000000000000000000e+00
1.000000000000000000e+00
1.000000000000000000e+00
-1.000000000000000000e+00
9.994936260105764525e-01
-1.000000000000000000e+00
-9.990928545106474434e-01
-9.999998472967527308e-01
-1.000000000000000000e+00
9.999999944745310287e-01
-9.859616915179952867e-01
-9.999999997398421048e-01
9.999952826197173739e-01
1.000000000000000000e+00
-9.999867376851949707e-01
-9.999793701498466136e-01
9.995098686351535644e-01
-9.847098158820224434e-01
-1.000000000000000000e+00
1.000000000000000000e+00
1.000000000000000000e+00
1.000000000000000000e+00
9.998558014035145991e-01
1.000000000000000000e+00
1.000000000000000000e+00
1.000000000000000000e+00
-1.000000000000000000e+00
9.999998918008839999e-01
1.000000000000000000e+00
9.999985285321690842e-01
1.000000000000000000e+00
1.000000000000000000e+00
-9.999999995242784268e-01
1.000000000000000000e+00
1.000000000000000000e+00
-1.000000000000000000e+00
1.000000000000000000e+00
-1.000000000000000000e+00
