1.000000000000000000e+00
1.000000000000000000e+00
-1.000000000000000000e+00
-1.000000000000000000e+00
9.970443139116695885e-01
-9.999275428169396296e-01
9.999802227394012366e-01
-1.000000000000000000e+00
-1.000000000000000000e+00
-9.999465293277657318e-01
-1.000000000000000000e+00
1.000000000000000000e+00
9.999745160551923862e-01
-1.000000000000000000e+00
-9.999314149949215524e-01
1.000000000000000000e+00
9.999999084309549868e-01
-1.000000000000000000e+00
9.991082747386119678e-01
9.096502238473682667e-01
9.994331378353350503e-01
-9.999991039221863831e-01
1.000000000000000000e+00
1.000000000000000000e+00
-1.000000000000000000e+00
-1.000000000000000000e+00
-9.999972658982225759e-01
-1.000000000000000000e+00
-1.000000000000000000e+00
-9.999992138504858463e-01
1.000000000000000000e+00
-1.000000000000000000e+00
-9.999993696244373620e-01
-9.999998545330365252e-01
-9.999912522055135478e-01
1.000000000000000000e+00
9.995498874416085533e-01
-1.000000000000000000e+00
1.000000000000000000e+00
1.000000000000000000e+00
-1.000000000000000000e+00
-9.891048114509154443e-01
-1.000000000000000000e+00
9.999996991833848270e-01
1.000000000000000000e+00
1.000000000000000000e+00
1.000000000000000000e+00
-9.999994414397426201e-01
-1.000000000000000000e+00
1.000000000000000000e+00
1.000000000000000000e+00
1.000000000000000000e+00
1.000000000000000000e+00
1.000000000000000000e+00
-1.000000000000000000e+00
-1.000000000000000000e+00
-1.000000000000000000e+00
9.999671090928579087e-01
1.000000000000000000e+00
1.000000000000000000e+00
1.000000000000000000e+00
-1.000000000000000000e+00
1.000000000000000000e+00
-9.999956012996039645e-01
1.000000000000000000e+00
-9.999790976741953497e-01
-9.997562907158651369e-01
-1.000000000000000000e+00
-1.000000000000000000e+00
-1.000000000000000000e+00
1.000000000000000000e+00
1.000000000000000000e+00
9.993223605234879958e-01
-1.000000000000000000e+00
-1.000000000000000000e+00
1.000000000000000000e+00
1.000000000000000000e+00
-1.000000000000000000e+00
9.999343859355624975e-01
9.999862548188938050e-01
-1.000000000000000000e+00
-9.976924973672669505e-01
-1.000000000000000000e+00
-1.000000000000000000e+00
1.000000000000000000e+00
-9.902831094887216690e-01
-1.000000000000000000e+00
9.999992924779830261e-01
1.000000000000000000e+00
-9.852257622733330278e-01
-1.000000000000000000e+00
1.000000000000000000e+00
-9.999776836366247590e-01
1.000000000000000000e+00
-1.000000000000000000e+00
-9.278894456946960023e-01
1.000000000000000000e+00
-9.706344263062479660e-01
1.000000000000000000e+00
9.999579229398694036e-01
9.999937254132967857e-01
9.968142054059645485e-01
9.997286906679964114e-01
-1.000000000000000000e+00
1.000000000000000000e+00
-1.000000000000000000e+00
9.736144944208271479e-01
9.999909636547665848e-01
1.000000000000000000e+00
-9.999995525946628883e-01
-1.000000000000000000e+00
-1.000000000000000000e+00
1.000000000000000000e+00
-1.000000000000000000e+00
-9.991049031816880976e-01
9.999172791963089058e-01
-1.000000000000000000e+00
9.999511862457945988e-01
1.000000000000000000e+00
1.000000000000000000e+00
1.000000000000000000e+00
9.999999820102102310e-01
9.892441928691134700e-01
-9.997921972231214038e-01
-1.000000000000000000e+00
1.000000000000000000e+00
-1.000000000000000000e+00
9.997610641030106882e-01
-9.999988434711621910e-01
1.000000000000000000e+00
-1.000000000000000000e+00
1.000000000000000000e+00
-1.000000000000000000e+00
9.983247007432307640e-01
-1.000000000000000000e+00
1.000000000000000000e+00
-1.000000000000000000e+00
-9.998028244106882401e-01
1.000000000000000000e+00
1.000000000000000000e+00
1.000000000000000000e+00
1.000000000000000000e+00
-1.000000000000000000e+00
1.000000000000000000e+00
1.000000000000000000e+00
9.993185149645092968e-01
9.242489282382493343e-01
-9.999879070221873167e-01
-9.999892860252802551e-01
1.000000000000000000e+00
1.000000000000000000e+00
-1.000000000000000000e+00
-9.957764900997722046e-01
-1.000000000000000000e+00
-1.000000000000000000e+00
-1.000000000000000000e+00
-1.000000000000000000e+00
1.000000000000000000e+00
1.000000000000000000e+00
-9.989138783929074616e-01
-1.000000000000000000e+00
-1.000000000000000000e+00
9.998474436396480591e-01
-6.826720525249965199e-01
-1.000000000000000000e+00
-9.983368871375496445e-01
-1.000000000000000000e+00
-9.992749846885649045e-01
1.000000000000000000e+00
-1.000000000000000000e+00
9.999977542928151220e-01
-1.000000000000000000e+00
-1.000000000000000000e+00
-1.000000000000000000e+00
-1.000000000000000000e+00
1.000000000000000000e+00
-1.000000000000000000e+00
-9.988304607173404959e-01
1.000000000000000000e+00
1.000000000000000000e+00
-1.000000000000000000e+00
-9.999999729433207696e-01
-9.999999559763713686e-01
-1.000000000000000000e+00
1.000000000000000000e+00
-1.000000000000000000e+00
1.000000000000000000e+00
-1.000000000000000000e+00
-9.915027398237274969e-01
-9.999700132813238440e-01
-1.000000000000000000e+00
-1.000000000000000000e+00
-1.000000000000000000e+00
9.993545071641807276e-01
1.000000000000000000e+00
-1.000000000000000000e+00
-9.984030915392785310e-01
-7.171579711552229508e-01
1.000000000000000000e+00
1.000000000000000000e+00
1.000000000000000000e+00
1.000000000000000000e+00
9.999319620420816790e-01
9.999917039442994815e-01
-9.999996818685897848e-01
-1.000000000000000000e+00
-9.999308496087577769e-01
-9.989577386108896562e-01
-1.000000000000000000e+00
-7.916509308203697470e-01
-9.999944480168638794e-01
-1.000000000000000000e+00
9.999828006682638382e-01
-9.919036447498881248e-01
-1.000000000000000000e+00
-1.000000000000000000e+00
-9.999981534487463186e-01
9.999981265118009777e-01
9.947252041255890687e-01
1.000000000000000000e+00
1.000000000000000000e+00
-4.124264907443735972e-01
1.000000000000000000e+00
-9.967921280962530606e-01
-1.000000000000000000e+00
-1.000000000000000000e+00
-1.000000000000000000e+00
-9.956822964846058222e-01
9.999953566722312726e-01
1.000000000000000000e+00
-1.000000000000000000e+00
9.999993852873141353e-01
-1.000000000000000000e+00
1.000000000000000000e+00
1.000000000000000000e+00
9.964358813651312818e-01
-1.000000000000000000e+00
9.926482510104639445e-01
9.999502033921700006e-01
9.998251332872405417e-01
9.305177037893794800e-01
9.999896786827919826e-01
-1.000000000000000000e+00
-1.000000000000000000e+00
-9.999999495979130515e-01
-9.999867076462437554e-01
9.318532023404600961e-01
-9.928806437661841233e-01
1.000000000000000000e+00
-9.994807330626627184e-01
1.000000000000000000e+00
-9.992866495546692818e-01
-1.000000000000000000e+00
9.999990561382618992e-01
5.883368703988816062e-01
-9.999991422168823529e-01
1.000000000000000000e+00
9.905659568457492181e-01
9.942411205420260689e-01
1.000000000000000000e+00
-1.000000000000000000e+00
3.440851938969847756e-01
9.996031210425463387e-01
1.000000000000000000e+00
-6.577508113843992810e-01
