9.500632648901055077e-01
1.000000000000000000e+00
-1.000000000000000000e+00
1.000000000000000000e+00
8.248830301920686559e-01
1.000000000000000000e+00
-1.000000000000000000e+00
-1.000000000000000000e+00
1.000000000000000000e+00
1.000000000000000000e+00
-9.048241023514939085e-01
1.000000000000000000e+00
9.969039784567723661e-01
9.986940399590449324e-01
9.999855368404013678e-01
-1.000000000000000000e+00
9.655569054445894972e-01
-9.819017338667969108e-01
1.000000000000000000e+00
1.000000000000000000e+00
-1.000000000000000000e+00
1.000000000000000000e+00
-1.000000000000000000e+00
-9.975003602377537915e-01
8.073164912907022650e-01
-1.000000000000000000e+00
-9.999996856306623272e-01
-1.000000000000000000e+00
-9.989469476345490540e-01
1.000000000000000000e+00
-1.000000000000000000e+00
-1.000000000000000000e+00
1.000000000000000000e+00
1.000000000000000000e+00
1.000000000000000000e+00
-9.999888235051257457e-01
-9.942855203383873519e-01
-1.000000000000000000e+00
9.999972151517562136e-01
1.000000000000000000e+00
1.000000000000000000e+00
9.982558325441098779e-01
-1.000000000000000000e+00
-1.000000000000000000e+00
-1.000000000000000000e+00
1.000000000000000000e+00
-9.999997412642767092e-01
-9.901565741595490522e-01
1.000000000000000000e+00
-1.000000000000000000e+00
-1.000000000000000000e+00
1.000000000000000000e+00
1.000000000000000000e+00
-8.091121644485050890e-01
-9.994393156532808131e-01
-1.000000000000000000e+00
-9.663692598151006896e-01
1.000000000000000000e+00
8.996424312826691860e-01
1.000000000000000000e+00
9.999999960657450782e-01
9.963503260124904060e-01
1.000000000000000000e+00
1.000000000000000000e+00
1.000000000000000000e+00
-1.000000000000000000e+00
-1.000000000000000000e+00
-1.000000000000000000e+00
-1.000000000000000000e+00
-1.000000000000000000e+00
-9.966708438187289465e-01
-9.903649489286986407e-01
1.000000000000000000e+00
-1.000000000000000000e+00
-1.000000000000000000e+00
-9.969625302128579669e-01
-9.560433605528123602e-01
1.000000000000000000e+00
-1.000000000000000000e+00
9.999677326520670650e-01
-1.000000000000000000e+00
-1.000000000000000000e+00
-9.723941636326688398e-01
-1.000000000000000000e+00
1.000000000000000000e+00
-1.000000000000000000e+00
9.883700355895344014e-01
-9.867053344542041637e-01
9.999649455009902432e-01
1.000000000000000000e+00
-1.000000000000000000e+00
-1.000000000000000000e+00
1.000000000000000000e+00
-9.925780018043683928e-01
9.997456219868208205e-01
-1.000000000000000000e+00
-1.000000000000000000e+00
-1.000000000000000000e+00
-9.999867861245367306e-01
1.000000000000000000e+00
1.000000000000000000e+00
1.000000000000000000e+00
-9.992977227865611489e-01
-9.981833313803650798e-01
-1.000000000000000000e+00
1.000000000000000000e+00
9.999962807570176304e-01
-9.999793812594669484e-01
1.000000000000000000e+00
1.000000000000000000e+00
9.978280347093800851e-01
1.000000000000000000e+00
-9.810905670888723229e-01
9.904114947219525567e-01
-1.000000000000000000e+00
1.000000000000000000e+00
1.000000000000000000e+00
1.000000000000000000e+00
1.000000000000000000e+00
1.000000000000000000e+00
-1.000000000000000000e+00
9.999364781395569945e-01
-1.000000000000000000e+00
-1.000000000000000000e+00
-1.000000000000000000e+00
1.000000000000000000e+00
1.000000000000000000e+00
9.803215520087542600e-01
1.000000000000000000e+00
9.810506446526231494e-01
-1.000000000000000000e+00
9.999999998838242643e-01
1.000000000000000000e+00
-1.000000000000000000e+00
1.000000000000000000e+00
-1.000000000000000000e+00
1.000000000000000000e+00
-1.000000000000000000e+00
9.940226392271205302e-01
9.999771415276659248e-01
-9.999804493603058342e-01
-1.000000000000000000e+00
1.000000000000000000e+00
9.999999319690017208e-01
-9.993256140501463047e-01
-9.974697946638495516e-01
1.000000000000000000e+00
-9.999999374870733870e-01
1.000000000000000000e+00
9.985583769131740617e-01
-1.000000000000000000e+00
9.999878303392151224e-01
-1.000000000000000000e+00
-9.998335627645427159e-01
9.923101901699986627e-01
1.000000000000000000e+00
9.995427559217203717e-01
9.988305754017527960e-01
-9.999999984740858272e-01
-1.000000000000000000e+00
9.998459111099933239e-01
-1.000000000000000000e+00
-1.000000000000000000e+00
-1.000000000000000000e+00
9.675483258485892968e-01
1.000000000000000000e+00
9.999999914708996851e-01
1.000000000000000000e+00
-9.401747852310260445e-01
-1.000000000000000000e+00
-9.999346354654130575e-01
1.000000000000000000e+00
-9.996554203738774458e-01
-1.000000000000000000e+00
-9.998637406531926120e-01
9.978235942890434362e-01
-9.894592555337240469e-01
-7.313829615597944311e-01
-1.000000000000000000e+00
-1.000000000000000000e+00
-1.000000000000000000e+00
1.000000000000000000e+00
9.999999856011815291e-01
-9.962715218034077225e-01
-1.000000000000000000e+00
9.999888984988234419e-01
-1.000000000000000000e+00
-9.879285435744499244e-01
-9.204476756392923620e-02
1.000000000000000000e+00
8.854647581455534766e-01
-1.000000000000000000e+00
9.996759788685989356e-01
9.903478491153174801e-01
1.000000000000000000e+00
1.000000000000000000e+00
1.000000000000000000e+00
1.000000000000000000e+00
1.000000000000000000e+00
-1.000000000000000000e+00
1.000000000000000000e+00
1.000000000000000000e+00
9.999999998233484177e-01
-9.999995076798839921e-01
-1.000000000000000000e+00
-1.000000000000000000e+00
-1.000000000000000000e+00
-9.999975683650645930e-01
1.000000000000000000e+00
1.000000000000000000e+00
-9.999853735951682587e-01
-9.989144191138955575e-01
9.765043530502146574e-01
9.999293583297916843e-01
-1.000000000000000000e+00
1.000000000000000000e+00
-9.657688071913798078e-01
1.000000000000000000e+00
9.853158139512852021e-01
-1.000000000000000000e+00
-9.987091918217789743e-01
1.000000000000000000e+00
9.971916515808584291e-01
1.000000000000000000e+00
1.000000000000000000e+00
9.582656370694551118e-01
-4.031956830602928532e-02
1.000000000000000000e+00
-9.805024195379707930e-01
-1.000000000000000000e+00
9.999991146407560816e-01
-9.956265398297036162e-01
1.000000000000000000e+00
1.000000000000000000e+00
9.232870842823465152e-01
9.999999852166323588e-01
-4.839371775796941222e-01
1.000000000000000000e+00
1.000000000000000000e+00
9.997665103866528735e-01
9.999998889480670172e-01
-9.665001861763687918e-01
1.000000000000000000e+00
-9.999807076963567187e-01
1.000000000000000000e+00
-9.999997808881094796e-01
1.000000000000000000e+00
-1.000000000000000000e+00
9.968037152750397478e-01
-1.000000000000000000e+00
9.955823987450618251e-01
-6.374032976054315736e-01
-9.999999686988284564e-01
-1.000000000000000000e+00
-1.000000000000000000e+00
-9.999994390480487771e-01
-3.994506832806716812e-01
-9.992307831028981457e-01
1.000000000000000000e+00
1.000000000000000000e+00
-2.965086619627700371e-01
9.999999999325135391e-01
-1.000000000000000000e+00
-9.999301103118489742e-01
9.995373672004193022e-01
