1.000000000000000000e+00
1.000000000000000000e+00
-1.000000000000000000e+00
1.000000000000000000e+00
9.999999999999882316e-01
-1.000000000000000000e+00
1.000000000000000000e+00
-9.999999895529041449e-01
1.000000000000000000e+00
9.999956614324829740e-01
1.000000000000000000e+00
1.000000000000000000e+00
1.000000000000000000e+00
9.660285289490290195e-01
1.000000000000000000e+00
1.000000000000000000e+00
-1.000000000000000000e+00
1.000000000000000000e+00
-1.000000000000000000e+00
-1.000000000000000000e+00
9.999999975423425891e-01
-1.000000000000000000e+00
9.936975240375527374e-01
-1.000000000000000000e+00
-1.000000000000000000e+00
-1.000000000000000000e+00
-1.000000000000000000e+00
1.000000000000000000e+00
1.000000000000000000e+00
-1.000000000000000000e+00
-9.587198416680632329e-01
-9.999999999999803491e-01
-1.000000000000000000e+00
-1.000000000000000000e+00
9.999999999969554354e-01
1.000000000000000000e+00
-1.000000000000000000e+00
-9.999999999989923616e-01
1.000000000000000000e+00
-1.000000000000000000e+00
9.999999999999711342e-01
-1.000000000000000000e+00
1.000000000000000000e+00
1.000000000000000000e+00
-9.999999999999998890e-01
9.997827515706639856e-01
1.000000000000000000e+00
-1.000000000000000000e+00
1.000000000000000000e+00
9.980823384085999450e-01
1.000000000000000000e+00
-1.000000000000000000e+00
1.000000000000000000e+00
1.000000000000000000e+00
1.000000000000000000e+00
-9.999988496358487300e-01
1.000000000000000000e+00
1.000000000000000000e+00
1.000000000000000000e+00
9.999999734759540404e-01
1.000000000000000000e+00
-9.999999969420272361e-01
-1.000000000000000000e+00
1.000000000000000000e+00
1.000000000000000000e+00
-9.999999998879521845e-01
1.000000000000000000e+00
-1.000000000000000000e+00
1.000000000000000000e+00
-1.000000000000000000e+00
1.000000000000000000e+00
1.000000000000000000e+00
1.000000000000000000e+00
9.999999999999922284e-01
-1.000000000000000000e+00
-1.000000000000000000e+00
1.000000000000000000e+00
1.000000000000000000e+00
1.000000000000000000e+00
-9.776785578973401503e-01
-1.000000000000000000e+00
-1.000000000000000000e+00
1.000000000000000000e+00
9.992156588769014469e-01
1.000000000000000000e+00
-1.000000000000000000e+00
1.959074799528421895e-01
-1.000000000000000000e+00
-1.000000000000000000e+00
-1.000000000000000000e+00
-1.000000000000000000e+00
1.000000000000000000e+00
-1.000000000000000000e+00
1.000000000000000000e+00
-1.000000000000000000e+00
-9.999999999998522293e-01
-1.000000000000000000e+00
1.000000000000000000e+00
1.000000000000000000e+00
-9.999999999999920064e-01
1.000000000000000000e+00
-9.999104357702012225e-01
9.999999999621161928e-01
1.000000000000000000e+00
1.000000000000000000e+00
9.999999999998900879e-01
-1.000000000000000000e+00
9.999999999999956701e-01
1.000000000000000000e+00
1.000000000000000000e+00
-9.999999999984444665e-01
-1.000000000000000000e+00
1.000000000000000000e+00
1.000000000000000000e+00
1.000000000000000000e+00
-9.999999999999997780e-01
1.000000000000000000e+00
9.999987969259810372e-01
9.999909035128756729e-01
-1.000000000000000000e+00
-1.000000000000000000e+00
1.000000000000000000e+00
1.000000000000000000e+00
9.999999999861429734e-01
-1.000000000000000000e+00
9.999999999999988898e-01
1.000000000000000000e+00
9.999999999999940048e-01
-9.999999943655127899e-01
-1.000000000000000000e+00
-1.000000000000000000e+00
-1.000000000000000000e+00
-9.999999999930703209e-01
-1.000000000000000000e+00
-1.000000000000000000e+00
1.000000000000000000e+00
-1.000000000000000000e+00
-9.999992769628320843e-01
-9.999999995571825506e-01
-1.000000000000000000e+00
1.000000000000000000e+00
1.000000000000000000e+00
1.000000000000000000e+00
-9.844786673885304040e-01
-1.000000000000000000e+00
1.000000000000000000e+00
-1.000000000000000000e+00
-1.000000000000000000e+00
9.999991299438232284e-01
-1.000000000000000000e+00
9.999999999997217781e-01
-1.000000000000000000e+00
-1.000000000000000000e+00
1.000000000000000000e+00
1.000000000000000000e+00
-9.999999994124958436e-01
-1.000000000000000000e+00
1.000000000000000000e+00
-1.000000000000000000e+00
-9.999999999828448338e-01
-1.000000000000000000e+00
1.000000000000000000e+00
-1.000000000000000000e+00
1.000000000000000000e+00
1.000000000000000000e+00
-1.000000000000000000e+00
1.000000000000000000e+00
-1.000000000000000000e+00
-9.999999999975989207e-01
-9.999999999999530376e-01
-9.999999999999887867e-01
1.000000000000000000e+00
-1.000000000000000000e+00
-1.000000000000000000e+00
-1.000000000000000000e+00
1.000000000000000000e+00
-1.000000000000000000e+00
3.028033657113627375e-01
-9.999999999998977485e-01
9.995313657570750188e-01
-1.000000000000000000e+00
-1.000000000000000000e+00
1.000000000000000000e+00
1.000000000000000000e+00
1.000000000000000000e+00
1.000000000000000000e+00
-9.999999962021077771e-01
9.960702017307908607e-01
9.999920838819754687e-01
-1.000000000000000000e+00
9.999999994456719721e-01
-9.999998957267874911e-01
1.000000000000000000e+00
-1.000000000000000000e+00
-1.000000000000000000e+00
-1.000000000000000000e+00
-1.000000000000000000e+00
-1.000000000000000000e+00
-1.000000000000000000e+00
-1.000000000000000000e+00
1.000000000000000000e+00
-9.999644204185671459e-01
-1.000000000000000000e+00
-1.000000000000000000e+00
1.000000000000000000e+00
9.999979512259711267e-01
1.000000000000000000e+00
-1.000000000000000000e+00
-1.000000000000000000e+00
-1.000000000000000000e+00
-1.000000000000000000e+00
1.118022347183148524e-01
1.000000000000000000e+00
-1.000000000000000000e+00
1.000000000000000000e+00
-9.999820734371552833e-01
1.000000000000000000e+00
-1.000000000000000000e+00
-1.000000000000000000e+00
-1.000000000000000000e+00
-1.000000000000000000e+00
9.919410091472311564e-01
-1.000000000000000000e+00
1.000000000000000000e+00
1.000000000000000000e+00
1.000000000000000000e+00
1.000000000000000000e+00
1.000000000000000000e+00
9.999999999999176215e-01
1.000000000000000000e+00
-9.914620798890450004e-01
-1.000000000000000000e+00
1.000000000000000000e+00
1.000000000000000000e+00
1.000000000000000000e+00
-9.999999999999991118e-01
1.000000000000000000e+00
1.000000000000000000e+00
1.000000000000000000e+00
1.000000000000000000e+00
9.999999999999276135e-01
-9.999999999999947820e-01
-9.999999997085027292e-01
-1.000000000000000000e+00
1.000000000000000000e+00
-1.000000000000000000e+00
-1.000000000000000000e+00
1.000000000000000000e+00
1.000000000000000000e+00
9.999151422973173720e-01
1.000000000000000000e+00
-1.000000000000000000e+00
1.000000000000000000e+00
-1.000000000000000000e+00
-9.998700007103455967e-01
1.000000000000000000e+00
-9.999999999990496491e-01
1.000000000000000000e+00
9.999999994935560022e-01
1.000000000000000000e+00
-1.000000000000000000e+00
-1.000000000000000000e+00
1.000000000000000000e+00
1.000000000000000000e+00
1.000000000000000000e+00
