-1.000000000000000000e+00
-1.000000000000000000e+00
-1.000000000000000000e+00
1.000000000000000000e+00
-1.000000000000000000e+00
-9.997980514231235016e-01
1.000000000000000000e+00
1.000000000000000000e+00
1.000000000000000000e+00
-9.984032799508616440e-01
-1.000000000000000000e+00
1.000000000000000000e+00
-9.985397810024577714e-01
-1.000000000000000000e+00
-9.994260046294811684e-01
9.997745707724794428e-01
-9.997193177977885536e-01
1.000000000000000000e+00
1.000000000000000000e+00
-1.000000000000000000e+00
1.000000000000000000e+00
-1.000000000000000000e+00
-9.999999296668826698e-01
-1.000000000000000000e+00
1.000000000000000000e+00
-1.000000000000000000e+00
1.000000000000000000e+00
1.000000000000000000e+00
1.000000000000000000e+00
9.999905722268607189e-01
1.000000000000000000e+00
-1.000000000000000000e+00
-9.999997621734371123e-01
-9.999966758074829709e-01
1.000000000000000000e+00
1.000000000000000000e+00
-1.000000000000000000e+00
1.000000000000000000e+00
9.992459023669719720e-01
9.999924859906718089e-01
-1.000000000000000000e+00
-9.999986069770028241e-01
1.000000000000000000e+00
-1.000000000000000000e+00
-1.000000000000000000e+00
-1.000000000000000000e+00
-1.000000000000000000e+00
9.923198575205434135e-01
-9.999975018591086284e-01
-9.976257713131121418e-01
9.998852145511383238e-01
-9.977620253340055978e-01
-9.999392399904986073e-01
1.000000000000000000e+00
1.000000000000000000e+00
6.155414096934724855e-01
-9.999997929997442858e-01
-9.999940114993761675e-01
-9.999969098301227932e-01
9.906932481512620292e-01
1.000000000000000000e+00
1.000000000000000000e+00
1.000000000000000000e+00
-9.995494680169392243e-01
-1.000000000000000000e+00
9.999913627618643996e-01
1.000000000000000000e+00
-1.000000000000000000e+00
1.000000000000000000e+00
1.000000000000000000e+00
-1.000000000000000000e+00
1.000000000000000000e+00
1.000000000000000000e+00
-9.986226902825324769e-01
1.000000000000000000e+00
-1.000000000000000000e+00
1.000000000000000000e+00
-8.283125891472862268e-01
-1.000000000000000000e+00
1.000000000000000000e+00
9.986982589129819177e-01
-1.000000000000000000e+00
-1.000000000000000000e+00
-1.000000000000000000e+00
-9.997927780543063303e-01
-1.000000000000000000e+00
-1.000000000000000000e+00
9.074357975306946988e-01
-9.987558528705158256e-01
1.000000000000000000e+00
-9.992208628832137673e-01
-1.000000000000000000e+00
-1.000000000000000000e+00
-9.998500950710897950e-01
1.000000000000000000e+00
9.982254867229179984e-01
1.000000000000000000e+00
-1.000000000000000000e+00
1.000000000000000000e+00
-1.000000000000000000e+00
-1.000000000000000000e+00
-1.000000000000000000e+00
-1.000000000000000000e+00
-1.000000000000000000e+00
1.000000000000000000e+00
1.000000000000000000e+00
-1.000000000000000000e+00
-1.000000000000000000e+00
-1.000000000000000000e+00
-1.000000000000000000e+00
1.000000000000000000e+00
6.343383159119448944e-01
9.999992844090417332e-01
-1.000000000000000000e+00
1.000000000000000000e+00
-9.512334137261362343e-01
1.000000000000000000e+00
9.999993565242267790e-01
-1.000000000000000000e+00
9.999991292691081668e-01
-9.995683673830533245e-01
1.000000000000000000e+00
-1.000000000000000000e+00
9.999999974178424011e-01
-1.000000000000000000e+00
-1.000000000000000000e+00
-9.999828074611309958e-01
1.000000000000000000e+00
-1.000000000000000000e+00
-1.000000000000000000e+00
-1.000000000000000000e+00
-9.995278895074657388e-01
-1.000000000000000000e+00
-1.000000000000000000e+00
-9.999997711942344436e-01
9.999266270565539960e-01
1.000000000000000000e+00
1.000000000000000000e+00
9.930137393378393185e-01
1.000000000000000000e+00
1.000000000000000000e+00
1.000000000000000000e+00
-9.924577005366310711e-01
9.995915729235279601e-01
-9.999974113511804763e-01
1.000000000000000000e+00
-1.000000000000000000e+00
1.000000000000000000e+00
1.000000000000000000e+00
1.000000000000000000e+00
1.000000000000000000e+00
-9.994479932667204025e-01
9.825900751950569223e-01
-1.000000000000000000e+00
1.000000000000000000e+00
-9.271868886132117460e-01
9.999592911445258636e-01
-9.984392047683416926e-01
1.000000000000000000e+00
1.000000000000000000e+00
1.000000000000000000e+00
-1.000000000000000000e+00
9.991828168424745638e-01
1.000000000000000000e+00
-9.988790339089381742e-01
-1.000000000000000000e+00
1.000000000000000000e+00
-9.841180875607475897e-01
-9.980766579728450605e-01
-1.000000000000000000e+00
-9.995082612786907461e-01
1.000000000000000000e+00
-9.991998136320370261e-01
1.000000000000000000e+00
1.000000000000000000e+00
9.999966096014116790e-01
-1.000000000000000000e+00
9.995265460985636174e-01
1.000000000000000000e+00
7.275516507187379522e-01
7.767520584022928887e-01
-9.985055761959782394e-01
-9.999477910921997781e-01
9.978799530221644787e-01
-9.999986612798009711e-01
9.998639973187780638e-01
1.000000000000000000e+00
-1.000000000000000000e+00
-1.000000000000000000e+00
-9.999962601602955248e-01
-1.000000000000000000e+00
1.000000000000000000e+00
-9.998657404499036172e-01
1.000000000000000000e+00
-9.997388606438704084e-01
-1.000000000000000000e+00
-1.000000000000000000e+00
9.999997906877489129e-01
-1.000000000000000000e+00
-9.949883061107782645e-01
-1.000000000000000000e+00
-1.000000000000000000e+00
1.000000000000000000e+00
-9.994672182340587074e-01
-9.947965790226354077e-01
-1.000000000000000000e+00
9.998705650477812679e-01
-9.916840480236184252e-01
-1.000000000000000000e+00
1.000000000000000000e+00
-1.000000000000000000e+00
-1.000000000000000000e+00
9.999765617034080956e-01
1.000000000000000000e+00
9.947624187436890919e-01
-1.000000000000000000e+00
-1.000000000000000000e+00
1.000000000000000000e+00
-1.000000000000000000e+00
-9.991404930757203928e-01
1.000000000000000000e+00
-1.000000000000000000e+00
-1.000000000000000000e+00
-9.999843296120044522e-01
1.000000000000000000e+00
9.988062888838540321e-01
-9.988636916328355042e-01
9.833490617720421767e-01
1.000000000000000000e+00
1.000000000000000000e+00
-9.983904663785316824e-01
-9.996283291280088079e-01
1.000000000000000000e+00
9.999774624842516779e-01
9.999806357413456581e-01
1.000000000000000000e+00
1.000000000000000000e+00
1.000000000000000000e+00
-1.000000000000000000e+00
-1.000000000000000000e+00
-1.000000000000000000e+00
1.000000000000000000e+00
1.000000000000000000e+00
9.986589661202819324e-01
1.000000000000000000e+00
-9.999175361599632605e-01
-1.000000000000000000e+00
9.981422889203143134e-01
1.000000000000000000e+00
9.999203190166967570e-01
-9.999999564718848877e-01
9.985450148509122936e-01
9.778980682386285705e-01
1.000000000000000000e+00
1.000000000000000000e+00
1.000000000000000000e+00
1.000000000000000000e+00
9.999254807140341983e-01
-1.000000000000000000e+00
-1.000000000000000000e+00
1.000000000000000000e+00
-9.987913171226594500e-01
-1.000000000000000000e+00
-9.999935730156406244e-01
-1.000000000000000000e+00
