-9.942334059628337162e-01
-3.886830977291118594e-01
1.000000000000000000e+00
-6.800000000000000488e-01
1.000000000000000000e+00
-1.000000000000000000e+00
-1.000000000000000000e+00
-1.000000000000000000e+00
1.000000000000000000e+00
1.000000000000000000e+00
1.000000000000000000e+00
1.000000000000000000e+00
-1.000000000000000000e+00
6.000000000000000888e-01
-3.751994860250283392e-01
-6.747871934291516105e-01
1.000000000000000000e+00
-1.000000000000000000e+00
5.392000000000000126e-01
9.370798673365108300e-01
1.000000000000000000e+00
-1.000000000000000000e+00
1.000000000000000000e+00
-1.000000000000000000e+00
-9.937330682091961576e-01
-7.128684613972045003e-01
-1.000000000000000000e+00
-9.528212774759510229e-01
6.000000000000000888e-01
1.993884055026356461e-01
1.000000000000000000e+00
-7.535425573775885733e-01
2.083024498983680195e-01
1.000000000000000000e+00
2.035361488645235917e-01
1.000000000000000000e+00
-1.000000000000000000e+00
-6.000000000000000888e-01
1.000000000000000000e+00
-8.412761200999725464e-01
-1.000000000000000000e+00
7.349444952250745455e-01
-9.432062296079225527e-01
1.000000000000000000e+00
-6.275357270650504526e-01
1.000000000000000000e+00
-5.344994448817597110e-02
1.000000000000000000e+00
1.000000000000000000e+00
-1.000000000000000000e+00
-7.947077711460533989e-01
1.000000000000000000e+00
-1.000000000000000000e+00
-1.000000000000000000e+00
-1.000000000000000000e+00
-4.082729282192587572e-01
-1.000000000000000000e+00
-2.505874786242895946e-01
9.003518175533873347e-01
-1.000000000000000000e+00
7.946421737276045949e-01
-1.000000000000000000e+00
4.931447492518690745e-01
-9.677156789935161818e-01
1.000000000000000000e+00
3.584400880302536230e-01
-1.000000000000000000e+00
-4.417511718665368958e-01
8.125166143445425870e-01
-1.000000000000000000e+00
1.000000000000000000e+00
1.000000000000000000e+00
1.000000000000000000e+00
-1.000000000000000000e+00
7.845474702443397952e-01
-4.710057706867991634e-01
4.834886942916271080e-01
1.000000000000000000e+00
-9.989508634390386055e-01
1.000000000000000000e+00
-1.000000000000000000e+00
1.000000000000000000e+00
1.000000000000000000e+00
-1.000000000000000000e+00
-6.315126225818558092e-01
-1.000000000000000000e+00
-6.383998309019420780e-01
-4.146964941916974068e-01
7.944479537271813552e-01
-8.201288957187733430e-01
1.000000000000000000e+00
-1.000000000000000000e+00
1.000000000000000000e+00
-3.806520052540321442e-02
-1.000000000000000000e+00
-1.000000000000000000e+00
9.938733736230873639e-01
1.000000000000000000e+00
-1.000000000000000000e+00
-6.321081896044858373e-02
1.000000000000000000e+00
4.221668848377406746e-01
-1.000000000000000000e+00
1.000000000000000000e+00
-4.228423786531135264e-01
9.719796913330103205e-01
1.000000000000000000e+00
-1.000000000000000000e+00
-4.685188649454896659e-01
8.731364212095514832e-01
1.000000000000000000e+00
7.977511844633230487e-01
-9.527222800860265517e-01
2.207882449199501662e-01
-1.000000000000000000e+00
-1.000000000000000000e+00
-1.000000000000000000e+00
1.000000000000000000e+00
1.000000000000000000e+00
-1.000000000000000000e+00
1.199958650620903677e-01
1.000000000000000000e+00
9.317228877385702601e-01
6.828458524559926079e-01
-5.365119838674645147e-02
-1.000000000000000000e+00
-1.000000000000000000e+00
-1.000000000000000000e+00
9.961944084547496026e-01
-1.000000000000000000e+00
1.000000000000000000e+00
-1.000000000000000000e+00
-9.856425103162584911e-01
-1.000000000000000000e+00
1.000000000000000000e+00
-1.000000000000000000e+00
-1.000000000000000000e+00
9.995704749687688295e-01
-1.000000000000000000e+00
-4.705132193909608573e-01
3.774679160283701540e-01
1.000000000000000000e+00
-1.000000000000000000e+00
6.709390109921601342e-01
9.240769154272212571e-01
-2.344495690021844159e-01
9.713000743706172724e-01
5.875710173783861290e-01
1.000000000000000000e+00
-1.000000000000000000e+00
1.000000000000000000e+00
8.656194995974265671e-01
-9.152776911705020613e-01
-1.000000000000000000e+00
-9.864684012980072803e-01
1.000000000000000000e+00
1.000000000000000000e+00
9.197602884409656898e-01
1.000000000000000000e+00
-1.000000000000000000e+00
1.000000000000000000e+00
6.000000000000000888e-01
-6.361972873220834712e-01
-1.000000000000000000e+00
1.000000000000000000e+00
-1.000000000000000000e+00
-1.000000000000000000e+00
1.000000000000000000e+00
-1.000000000000000000e+00
7.859501234122323599e-01
-1.000000000000000000e+00
-1.000000000000000000e+00
9.832475309452712864e-01
1.000000000000000000e+00
1.000000000000000000e+00
1.000000000000000000e+00
1.000000000000000000e+00
-1.000000000000000000e+00
9.719746286622985565e-01
-6.000000000000000888e-01
6.111123220890193330e-01
-1.000000000000000000e+00
-1.000000000000000000e+00
-1.000000000000000000e+00
-1.000000000000000000e+00
1.000000000000000000e+00
7.181036192146138530e-01
-1.000000000000000000e+00
9.337024744066397819e-01
5.257186026410017865e-01
-1.000000000000000000e+00
-1.771946099997674939e-01
1.000000000000000000e+00
-1.000000000000000000e+00
-1.000000000000000000e+00
-6.576365476306598179e-01
1.000000000000000000e+00
2.110882740707065164e-01
1.000000000000000000e+00
1.000000000000000000e+00
-1.000000000000000000e+00
1.000000000000000000e+00
1.000000000000000000e+00
1.000000000000000000e+00
-1.000000000000000000e+00
1.000000000000000000e+00
1.000000000000000000e+00
-1.000000000000000000e+00
1.000000000000000000e+00
1.000000000000000000e+00
-9.989461649517330510e-01
-1.000000000000000000e+00
1.000000000000000000e+00
1.000000000000000000e+00
1.000000000000000000e+00
-1.000000000000000000e+00
3.936605406318555156e-01
1.000000000000000000e+00
3.878405252411869231e-02
-1.000000000000000000e+00
-1.000000000000000000e+00
-9.997460179591796114e-01
-9.127290872323876592e-01
-7.420676504456560352e-01
-1.000000000000000000e+00
-1.000000000000000000e+00
-1.000000000000000000e+00
1.000000000000000000e+00
1.000000000000000000e+00
-7.566457340878850468e-01
-1.000000000000000000e+00
-1.290538351643091830e-02
-1.000000000000000000e+00
-9.639541780937099791e-01
-1.000000000000000000e+00
-1.000000000000000000e+00
1.000000000000000000e+00
1.000000000000000000e+00
1.000000000000000000e+00
1.000000000000000000e+00
-5.850015228866428663e-01
-1.000000000000000000e+00
1.000000000000000000e+00
-1.000000000000000000e+00
5.387798547307378616e-01
-1.000000000000000000e+00
1.000000000000000000e+00
-1.000000000000000000e+00
9.833478198029205197e-01
6.444179581726038331e-01
-1.000000000000000000e+00
-9.823981698270575214e-01
1.000000000000000000e+00
5.705209418139042254e-01
9.915597749762961044e-01
-1.000000000000000000e+00
-1.000000000000000000e+00
1.000000000000000000e+00
1.000000000000000000e+00
1.000000000000000000e+00
-1.330346882038224016e-02
-1.000000000000000000e+00
-3.333511249793920661e-01
-1.000000000000000000e+00
-1.000000000000000000e+00
