-1.000000000000000000e+00
-1.000000000000000000e+00
-1.000000000000000000e+00
1.000000000000000000e+00
1.000000000000000000e+00
-4.060014436731241849e-01
-9.940214687331866417e-02
7.844514780488680561e-01
3.166982456671652013e-01
1.000000000000000000e+00
1.000000000000000000e+00
-9.538036240143501487e-01
-1.000000000000000000e+00
-1.000000000000000000e+00
1.000000000000000000e+00
-7.108093211431685265e-01
-2.995632747597534729e-01
-7.453119895116788740e-01
3.003200069854258802e-01
-2.233036512420347730e-01
1.000000000000000000e+00
1.000000000000000000e+00
-1.372985543876525938e-02
4.464312321338309575e-01
1.000000000000000000e+00
1.000000000000000000e+00
-1.000000000000000000e+00
1.000000000000000000e+00
7.182688111185850932e-01
-1.000000000000000000e+00
3.129349486911030542e-01
1.000000000000000000e+00
-1.000000000000000000e+00
-1.642647756348756261e-01
-9.561681981463173718e-01
1.000000000000000000e+00
1.000000000000000000e+00
7.598445940841878077e-01
1.000000000000000000e+00
1.000000000000000000e+00
-1.000000000000000000e+00
-4.089271744796678654e-01
1.000000000000000000e+00
-1.000000000000000000e+00
-1.000000000000000000e+00
1.000000000000000000e+00
1.000000000000000000e+00
1.000000000000000000e+00
1.000000000000000000e+00
-1.000000000000000000e+00
-1.094022153296719813e-02
-1.000000000000000000e+00
1.000000000000000000e+00
1.000000000000000000e+00
1.000000000000000000e+00
1.000000000000000000e+00
-1.000000000000000000e+00
1.000000000000000000e+00
-1.000000000000000000e+00
9.306495768512090816e-01
-1.000000000000000000e+00
1.000000000000000000e+00
-3.403859165063936043e-01
1.000000000000000000e+00
1.000000000000000000e+00
-9.799091482832360533e-01
1.000000000000000000e+00
1.000000000000000000e+00
-1.000000000000000000e+00
-9.186742026778509373e-01
-1.000000000000000000e+00
-1.163888371053270823e-02
1.000000000000000000e+00
7.821713790957969259e-01
1.000000000000000000e+00
-1.000000000000000000e+00
-3.941863616053213892e-01
-1.000000000000000000e+00
1.000000000000000000e+00
-1.000000000000000000e+00
-1.000000000000000000e+00
-5.543187830765039514e-01
-6.911112711836173150e-02
-1.000000000000000000e+00
-1.000000000000000000e+00
-1.000000000000000000e+00
-1.000000000000000000e+00
1.000000000000000000e+00
1.000000000000000000e+00
-1.000000000000000000e+00
1.000000000000000000e+00
-1.965325952222647388e-01
1.000000000000000000e+00
9.842687043468321129e-01
1.000000000000000000e+00
-1.000000000000000000e+00
-1.000000000000000000e+00
-1.000000000000000000e+00
1.000000000000000000e+00
1.000000000000000000e+00
-1.000000000000000000e+00
-2.113147675197754594e-01
-1.811890302330162184e-01
-6.903123291420304453e-01
1.000000000000000000e+00
-1.000000000000000000e+00
1.000000000000000000e+00
-1.000000000000000000e+00
-9.697132897699327625e-01
-1.000000000000000000e+00
1.000000000000000000e+00
1.000000000000000000e+00
-1.000000000000000000e+00
-6.915669636274395238e-01
-1.000000000000000000e+00
-1.000000000000000000e+00
-5.476348145069566131e-01
2.915879103400979000e-01
-4.323934704510251636e-01
1.000000000000000000e+00
6.747504750124422301e-01
-1.000000000000000000e+00
-1.000000000000000000e+00
-2.989583514134210307e-01
9.165802649769643207e-01
-1.770125948304954733e-01
-1.000000000000000000e+00
1.000000000000000000e+00
-1.000000000000000000e+00
-1.000000000000000000e+00
1.000000000000000000e+00
1.000000000000000000e+00
1.000000000000000000e+00
-8.655045352883322662e-01
3.087758153689063034e-01
-1.000000000000000000e+00
-8.866006961593240199e-01
-1.000000000000000000e+00
-1.000000000000000000e+00
1.000000000000000000e+00
1.000000000000000000e+00
-1.000000000000000000e+00
1.000000000000000000e+00
2.484173589639666058e-01
4.110227504184027492e-01
-7.187298151055713236e-01
-1.000000000000000000e+00
-1.000000000000000000e+00
-1.000000000000000000e+00
1.000000000000000000e+00
-1.000000000000000000e+00
1.000000000000000000e+00
-3.831097067205677664e-01
6.846491723909382543e-01
-1.000000000000000000e+00
-1.000000000000000000e+00
-2.957084443466153623e-01
-5.576137922472919062e-01
1.000000000000000000e+00
1.000000000000000000e+00
1.000000000000000000e+00
1.000000000000000000e+00
-1.796461864820267373e-01
7.453206188806001942e-01
2.269893840138642593e-01
-1.000000000000000000e+00
3.515671586112771307e-01
-1.000000000000000000e+00
1.000000000000000000e+00
-1.000000000000000000e+00
-1.000000000000000000e+00
1.000000000000000000e+00
-1.000000000000000000e+00
4.353249713569096735e-01
8.407541689846411703e-01
-4.821439459074272627e-01
-1.000000000000000000e+00
1.000000000000000000e+00
-9.636424825862497379e-01
8.430624286938399603e-01
-1.697336092519596829e-01
1.000000000000000000e+00
1.000000000000000000e+00
-1.000000000000000000e+00
-1.000000000000000000e+00
1.000000000000000000e+00
-6.311357377529833723e-01
-6.796745048981922555e-01
-6.131474089781041581e-02
-1.000000000000000000e+00
-9.612199238946474988e-01
-1.000000000000000000e+00
1.000000000000000000e+00
-1.000000000000000000e+00
-3.661341274754546515e-01
-1.000000000000000000e+00
-1.000000000000000000e+00
1.000000000000000000e+00
-7.252769592258250242e-01
1.000000000000000000e+00
1.000000000000000000e+00
-1.000000000000000000e+00
-3.136361655020633576e-01
-8.787834880799531012e-01
1.000000000000000000e+00
1.000000000000000000e+00
-1.000000000000000000e+00
2.878297284655794708e-01
1.000000000000000000e+00
-1.000000000000000000e+00
-1.000000000000000000e+00
-1.000000000000000000e+00
1.000000000000000000e+00
6.087468140155363194e-01
1.000000000000000000e+00
1.000000000000000000e+00
5.314450755214794597e-01
-1.000000000000000000e+00
1.000000000000000000e+00
6.778285169494704387e-01
1.000000000000000000e+00
9.628602597742651481e-01
7.995007296058209700e-01
1.000000000000000000e+00
1.000000000000000000e+00
-1.000000000000000000e+00
1.000000000000000000e+00
1.000000000000000000e+00
1.000000000000000000e+00
-1.000000000000000000e+00
-6.000302615008089591e-01
-1.000000000000000000e+00
-1.000000000000000000e+00
-1.000000000000000000e+00
-9.441198270275692472e-01
-1.000000000000000000e+00
2.271860802823208458e-01
7.079612068716129025e-01
1.000000000000000000e+00
-1.000000000000000000e+00
-1.000000000000000000e+00
1.512403513463550231e-01
-5.753357657464956976e-01
6.453057046649739448e-01
1.000000000000000000e+00
-5.252631920189995141e-01
1.000000000000000000e+00
1.000000000000000000e+00
1.000000000000000000e+00
1.000000000000000000e+00
-1.000000000000000000e+00
1.820933355765594897e-01
-1.000000000000000000e+00
1.000000000000000000e+00
-1.000000000000000000e+00
-1.000000000000000000e+00
-7.368023710388624803e-01
1.000000000000000000e+00
1.000000000000000000e+00
1.000000000000000000e+00
-1.000000000000000000e+00
-1.000000000000000000e+00
-3.946357493844465658e-01
-1.000000000000000000e+00
1.000000000000000000e+00
