-1.000000000000000000e+00
-1.000000000000000000e+00
-1.000000000000000000e+00
-6.473769718236104254e-01
-1.000000000000000000e+00
-7.271329287827825727e-01
7.718877371991530456e-01
-5.880825020166612765e-02
1.162900904839391653e-01
-2.357569571987163937e-01
-1.000000000000000000e+00
1.000000000000000000e+00
5.623026966950578354e-02
-8.322843757740048254e-01
-1.000000000000000000e+00
-6.403970212005248852e-01
-9.792162292132909895e-01
-1.000000000000000000e+00
1.000000000000000000e+00
-2.776084904759434924e-01
-1.000000000000000000e+00
-1.000000000000000000e+00
-9.034667104331486898e-02
-1.000000000000000000e+00
-1.000000000000000000e+00
9.710546725405148072e-01
-2.266722131149359609e-02
-8.851323541149831442e-01
-8.659857834947839450e-01
1.000000000000000000e+00
-1.000000000000000000e+00
1.000000000000000000e+00
-1.000000000000000000e+00
-1.000000000000000000e+00
1.000000000000000000e+00
7.986242275210990726e-01
-6.606637333727726213e-01
-1.000000000000000000e+00
4.456622126451568189e-01
-9.806954841813666501e-01
-1.000000000000000000e+00
-8.896122280997649234e-01
-7.158843408088988447e-01
-1.000000000000000000e+00
2.619404919484142891e-01
1.000000000000000000e+00
-6.800000000000000488e-01
-7.286240376192043566e-01
-1.000000000000000000e+00
1.000000000000000000e+00
7.284042641623508230e-01
3.826434622481573733e-01
-1.000000000000000000e+00
-1.000000000000000000e+00
-5.401970224220928873e-01
1.000000000000000000e+00
1.000000000000000000e+00
1.000000000000000000e+00
-1.000000000000000000e+00
-4.892356807343242742e-01
1.000000000000000000e+00
8.772082300328815085e-02
1.000000000000000000e+00
9.212219678322356442e-01
9.806547173305659726e-01
-5.856518506770899135e-01
1.000000000000000000e+00
-3.694782822957701773e-01
-9.121429457242498096e-01
1.000000000000000000e+00
-7.127225690551027837e-01
1.000000000000000000e+00
-1.000000000000000000e+00
-6.984604999481947019e-01
1.430591665800261258e-02
-1.000000000000000000e+00
-7.169218294924386559e-01
2.079200619117271276e-01
9.146411608348186117e-01
2.611213829310123913e-01
1.000000000000000000e+00
-1.000000000000000000e+00
-1.000000000000000000e+00
-1.000000000000000000e+00
-7.287307215797134141e-01
-3.278445604491984078e-01
-9.752971435531337940e-02
-6.866790098433994682e-03
1.000000000000000000e+00
-6.722206216474496676e-01
7.606160784530530128e-01
-4.719355459498357774e-01
-1.000000000000000000e+00
-1.000000000000000000e+00
-1.000000000000000000e+00
1.000000000000000000e+00
-3.082693410797955336e-01
-6.880515749020195138e-01
-9.317750035226647354e-01
-6.868916254591073134e-01
-1.000000000000000000e+00
9.663961897881327978e-01
-8.279844391522923619e-01
-1.000000000000000000e+00
-2.305444250446604393e-01
1.000000000000000000e+00
1.000000000000000000e+00
-8.104029029040424881e-01
-1.000000000000000000e+00
1.000000000000000000e+00
-1.000000000000000000e+00
-1.000000000000000000e+00
-3.846493139798639604e-01
7.304206933518093692e-01
-6.800000000000000488e-01
9.760272028257486188e-01
3.081289806967082989e-01
1.000000000000000000e+00
-1.000000000000000000e+00
-2.209127375638785806e-01
1.000000000000000000e+00
-5.478544964259531858e-01
2.324659819523980375e-01
-6.317888483828295598e-01
-9.818918295700316268e-01
-1.000000000000000000e+00
1.737856760668473333e-01
5.744218637182908760e-02
-9.977070547461055483e-01
-1.000000000000000000e+00
1.000000000000000000e+00
1.000000000000000000e+00
-7.091208967691368104e-01
1.000000000000000000e+00
-7.653402325522189187e-02
-1.000000000000000000e+00
9.131773052062386320e-01
1.000000000000000000e+00
-1.000000000000000000e+00
1.000000000000000000e+00
-1.000000000000000000e+00
1.000000000000000000e+00
-1.000000000000000000e+00
-9.814991980666367688e-01
1.000000000000000000e+00
1.000000000000000000e+00
1.000000000000000000e+00
-1.000000000000000000e+00
9.222553064922871524e-01
3.210753627424133283e-01
-1.000000000000000000e+00
-1.000000000000000000e+00
1.000000000000000000e+00
1.000000000000000000e+00
-1.000000000000000000e+00
1.000000000000000000e+00
6.666306395567112020e-01
7.766186970366195652e-01
-1.000000000000000000e+00
-5.607586611139334654e-01
-1.000000000000000000e+00
8.360845563373731082e-02
-4.718075205273301043e-01
4.096542895542271134e-01
-8.898607634218953510e-01
1.000000000000000000e+00
-7.954797075145724206e-01
-4.082981085901270513e-01
1.000000000000000000e+00
1.000000000000000000e+00
-1.000000000000000000e+00
5.486760111118372807e-01
1.000000000000000000e+00
-6.968396673459480439e-01
1.000000000000000000e+00
1.000000000000000000e+00
-1.000000000000000000e+00
-2.674837261117573028e-01
-1.000000000000000000e+00
1.000000000000000000e+00
-2.247914043443983712e-01
1.000000000000000000e+00
1.000000000000000000e+00
-2.903445413211068193e-01
-6.501730003480383768e-01
-1.000000000000000000e+00
-4.527755440004046505e-01
7.093288012445173596e-01
9.897599999999999731e-01
-1.000000000000000000e+00
1.000000000000000000e+00
-8.467223708750577504e-01
-1.000000000000000000e+00
9.062495985445118141e-01
-3.699769842166242828e-01
-1.000000000000000000e+00
3.774844522357014842e-01
-2.420855293106214390e-01
-6.740211595446602422e-01
-1.000000000000000000e+00
1.000000000000000000e+00
-6.496839208046527592e-01
1.000000000000000000e+00
-1.000000000000000000e+00
-1.000000000000000000e+00
1.000000000000000000e+00
-1.955384212922903209e-01
1.000000000000000000e+00
1.000000000000000000e+00
1.000000000000000000e+00
-9.830774484375101041e-01
1.000000000000000000e+00
-5.633254235113089869e-01
5.853189119568887877e-01
-1.000000000000000000e+00
6.697444972667823126e-01
1.000000000000000000e+00
-9.828597871575790457e-01
2.608405037712911989e-01
1.000000000000000000e+00
9.059977037200961369e-01
-1.000000000000000000e+00
1.000000000000000000e+00
1.000000000000000000e+00
1.000000000000000000e+00
8.973293784704698961e-01
1.000000000000000000e+00
1.000000000000000000e+00
-2.085246419267524076e-01
-1.000000000000000000e+00
1.000000000000000000e+00
-1.000000000000000000e+00
8.973825750376785981e-01
7.334410271029894179e-01
1.000000000000000000e+00
-1.000000000000000000e+00
-1.000000000000000000e+00
2.947509118379765258e-02
1.000000000000000000e+00
1.000000000000000000e+00
-1.000000000000000000e+00
-1.000000000000000000e+00
1.000000000000000000e+00
1.000000000000000000e+00
-6.000000000000000888e-01
6.000000000000000888e-01
-1.000000000000000000e+00
1.000000000000000000e+00
1.000000000000000000e+00
1.000000000000000000e+00
1.000000000000000000e+00
-7.620751523599307298e-01
1.000000000000000000e+00
1.000000000000000000e+00
-1.000000000000000000e+00
-1.000000000000000000e+00
1.000000000000000000e+00
1.000000000000000000e+00
-1.000000000000000000e+00
1.000000000000000000e+00
-9.965518406534336071e-01
9.533463871761314046e-01
9.079812008381918931e-01
1.000000000000000000e+00
1.000000000000000000e+00
