1.000000000000000000e+00
3.399293276858403323e-01
1.000000000000000000e+00
1.000000000000000000e+00
1.000000000000000000e+00
1.000000000000000000e+00
1.000000000000000000e+00
1.000000000000000000e+00
1.000000000000000000e+00
-1.000000000000000000e+00
1.000000000000000000e+00
1.000000000000000000e+00
-1.000000000000000000e+00
-1.000000000000000000e+00
-1.000000000000000000e+00
1.000000000000000000e+00
1.000000000000000000e+00
-1.000000000000000000e+00
1.000000000000000000e+00
-1.000000000000000000e+00
1.000000000000000000e+00
9.856411327212060147e-01
-1.000000000000000000e+00
-1.000000000000000000e+00
-1.000000000000000000e+00
1.000000000000000000e+00
1.000000000000000000e+00
1.000000000000000000e+00
-1.000000000000000000e+00
1.000000000000000000e+00
9.450436005933744443e-01
3.914116585062248355e-01
1.000000000000000000e+00
-1.000000000000000000e+00
-1.000000000000000000e+00
1.000000000000000000e+00
-1.000000000000000000e+00
-1.000000000000000000e+00
-1.000000000000000000e+00
-9.974736567492807904e-01
9.920734505342870824e-01
1.000000000000000000e+00
-1.524258332527636539e-01
1.000000000000000000e+00
-1.000000000000000000e+00
9.378782692165567036e-01
1.000000000000000000e+00
1.000000000000000000e+00
1.000000000000000000e+00
-1.000000000000000000e+00
2.305304335415287453e-01
-1.000000000000000000e+00
8.846036444406654153e-01
-1.000000000000000000e+00
-1.000000000000000000e+00
-8.506229831611225034e-01
-1.000000000000000000e+00
-1.000000000000000000e+00
1.000000000000000000e+00
-1.000000000000000000e+00
3.310123189862499427e-01
-7.221127005169504232e-01
8.332163423813483405e-01
-1.000000000000000000e+00
1.000000000000000000e+00
-1.000000000000000000e+00
1.000000000000000000e+00
-1.000000000000000000e+00
9.219709521031947963e-01
1.000000000000000000e+00
8.509271067979244929e-01
-9.433215211073209261e-01
-7.405213412869361411e-01
-1.000000000000000000e+00
-6.000000000000000888e-01
1.000000000000000000e+00
-1.000000000000000000e+00
1.000000000000000000e+00
9.200000000000000400e-01
-2.624285633279430652e-01
6.943331802798757835e-02
1.000000000000000000e+00
-1.000000000000000000e+00
1.000000000000000000e+00
1.000000000000000000e+00
-6.069748287951500787e-01
1.000000000000000000e+00
-1.000000000000000000e+00
-1.000000000000000000e+00
-1.000000000000000000e+00
-6.715767840561485125e-01
-1.000000000000000000e+00
-1.000000000000000000e+00
-1.000000000000000000e+00
1.000000000000000000e+00
9.688386447799585133e-01
1.000000000000000000e+00
-1.000000000000000000e+00
-7.991511541111840922e-01
1.000000000000000000e+00
1.000000000000000000e+00
-1.000000000000000000e+00
-1.000000000000000000e+00
1.000000000000000000e+00
4.063377520841094381e-01
9.907412922922637089e-01
-1.000000000000000000e+00
-1.000000000000000000e+00
-1.000000000000000000e+00
1.000000000000000000e+00
-7.583642707594775434e-01
1.000000000000000000e+00
4.889774947755582413e-01
1.000000000000000000e+00
1.000000000000000000e+00
7.674669951771085907e-01
-7.199879181339351453e-01
1.000000000000000000e+00
-1.000000000000000000e+00
-6.988697293102484887e-01
1.000000000000000000e+00
1.000000000000000000e+00
1.000000000000000000e+00
1.000000000000000000e+00
1.000000000000000000e+00
-9.839999999999999858e-01
-7.160376221919314554e-01
1.000000000000000000e+00
1.000000000000000000e+00
1.000000000000000000e+00
1.000000000000000000e+00
1.000000000000000000e+00
1.356581555977348086e-01
1.000000000000000000e+00
-1.000000000000000000e+00
7.366769149345811507e-02
9.986597330426507657e-01
1.000000000000000000e+00
1.005233986784399569e-01
-1.000000000000000000e+00
-1.000000000000000000e+00
6.642559295586512036e-01
-1.000000000000000000e+00
-2.467817830210166652e-01
-1.000000000000000000e+00
1.000000000000000000e+00
1.000000000000000000e+00
-8.599194590443010044e-01
-1.000000000000000000e+00
-1.000000000000000000e+00
1.000000000000000000e+00
1.000000000000000000e+00
9.951533065154825053e-01
6.986524700102815233e-01
-9.767610297531255092e-01
-3.269132722598490082e-01
-3.748070375638152818e-01
-1.000000000000000000e+00
-1.000000000000000000e+00
-1.000000000000000000e+00
-1.000000000000000000e+00
-1.000000000000000000e+00
-1.000000000000000000e+00
-1.000000000000000000e+00
-9.609311870943582079e-02
-6.019155518419965212e-01
1.000000000000000000e+00
-1.000000000000000000e+00
1.000000000000000000e+00
-1.000000000000000000e+00
-9.609384768913254993e-01
9.957961431223736337e-01
6.170048453799192867e-01
1.000000000000000000e+00
-1.000000000000000000e+00
-4.359757729367201851e-01
-1.000000000000000000e+00
-9.796248700102910822e-01
9.985011532032871395e-01
-8.128843170274111518e-01
-7.623816903239264420e-01
6.000000000000000888e-01
1.000000000000000000e+00
-1.000000000000000000e+00
1.000000000000000000e+00
1.000000000000000000e+00
-1.000000000000000000e+00
-1.000000000000000000e+00
-1.000000000000000000e+00
-1.000000000000000000e+00
5.135983810626247870e-01
-7.168065512704941966e-01
1.000000000000000000e+00
-1.000000000000000000e+00
1.181117834925800025e-01
-1.000000000000000000e+00
-1.000000000000000000e+00
-1.000000000000000000e+00
1.000000000000000000e+00
-1.000000000000000000e+00
-2.956229295057796747e-02
6.000000000000000888e-01
-1.000000000000000000e+00
9.863162682586851249e-01
-1.000000000000000000e+00
-9.313456168839273630e-01
6.000000000000000888e-01
-1.000000000000000000e+00
-1.000000000000000000e+00
1.000000000000000000e+00
-1.000000000000000000e+00
1.000000000000000000e+00
1.000000000000000000e+00
1.000000000000000000e+00
1.000000000000000000e+00
1.000000000000000000e+00
-9.240250360961603793e-01
1.000000000000000000e+00
1.000000000000000000e+00
-1.000000000000000000e+00
-1.000000000000000000e+00
1.000000000000000000e+00
-3.994063507274085434e-01
1.000000000000000000e+00
-6.800000000000000488e-01
4.932386902833186815e-01
-6.907668734483007889e-01
1.000000000000000000e+00
1.000000000000000000e+00
-1.000000000000000000e+00
-1.000000000000000000e+00
-1.000000000000000000e+00
9.786712428512275297e-01
1.000000000000000000e+00
1.000000000000000000e+00
-1.000000000000000000e+00
-1.000000000000000000e+00
-9.429754999294734930e-01
1.000000000000000000e+00
-6.000000000000000888e-01
-1.000000000000000000e+00
1.000000000000000000e+00
1.000000000000000000e+00
-6.000000000000000888e-01
1.000000000000000000e+00
1.000000000000000000e+00
-1.000000000000000000e+00
1.000000000000000000e+00
1.000000000000000000e+00
-3.844017941151167683e-01
1.000000000000000000e+00
-1.000000000000000000e+00
1.000000000000000000e+00
1.000000000000000000e+00
-5.399783819955793485e-01
-6.649175643324342078e-01
-6.904600420134399119e-01
-1.000000000000000000e+00
1.000000000000000000e+00
8.206298018456803511e-01
-1.000000000000000000e+00
-1.000000000000000000e+00
1.000000000000000000e+00
-1.000000000000000000e+00
7.726000673666471030e-01
