1.702643670937300513e-01
3.381278846451303277e-01
-5.912902747663983938e-02
5.455803689529645784e-01
2.043561276228444967e-01
5.963643870127346425e-01
3.556967298219304574e-02
-6.434179443322181058e-01
8.305613000385052569e-01
-3.444231646896700472e-01
8.378526200185119066e-01
-6.773112305084818541e-01
3.643004302437560238e-01
-4.430962127889757074e-01
7.851131685085308565e-01
1.416775923682718208e-01
-9.904211899439054889e-01
-9.569799819196802559e-01
3.446634546922158204e-01
-8.019104397129306339e-01
-8.363032987544571917e-02
2.860443690991905097e-01
4.475180834893726090e-01
3.289294786000085402e-01
9.701452685724925029e-01
1.205269096130341389e-01
-7.206530755730773397e-01
-9.774144414009322546e-02
-2.137857771543680840e-01
3.163603413228515127e-01
-5.403805403903700899e-01
5.434723105050887071e-02
3.085233729070113728e-01
-2.167471389502897416e-01
-1.909361806822957863e-01
-5.744738014221912881e-01
3.231723054372737103e-02
3.946933663339398102e-01
-4.012600608442649097e-01
3.426668697959636134e-01
1.263670969179795378e-01
-3.927573224694205223e-01
-5.644771468930842584e-01
-4.580278391797998339e-02
1.294640765171657382e-01
-6.635995455461407566e-02
6.789340004747030921e-01
5.687205661700112103e-03
9.554092048722848673e-01
5.299940531206619454e-01
4.828565138582654459e-01
-2.712422287651652386e-01
-8.437323648398584730e-01
-1.970772526933897151e-01
1.125873004676094524e-01
-5.062336932503093134e-01
-3.129603259850370911e-01
-2.023141814335935873e-01
6.283458911843542438e-01
-7.557373812229999377e-01
-6.273123317247311093e-01
3.868011374551809656e-01
-9.441763464389687499e-01
3.783546650496387720e-01
3.626284357067337538e-01
-9.788436477524027346e-01
-1.506664186983592835e-01
3.180218806035146617e-01
6.887674651982842455e-01
-6.995006943478565553e-02
-3.883231812793184190e-01
8.066892381774508625e-01
-1.447564923605737519e-02
1.410111183310227556e-01
5.612212116036396914e-01
-8.630008108236522091e-01
2.256666289291122673e-01
-9.626425214979221767e-01
-3.327391706505529179e-01
6.710785927737019652e-01
-9.221915298655170012e-01
-4.631515622175286229e-01
-7.081061178255363409e-01
-2.469920555559586006e-01
-2.881665486766682438e-01
3.778839790307886304e-02
9.085081426959185080e-03
3.279715577124986403e-01
5.772404853201651420e-02
-9.863542586574662874e-01
-2.646843411234445220e-01
8.169452292437873187e-01
5.152850689440759968e-01
6.777171945094515593e-01
-7.955675198542460080e-01
5.315116586387858000e-02
2.996959791857587430e-01
-2.089132822300370229e-01
-4.176890623320930196e-01
1.870781051006147333e-01
-1.112551518982851650e-01
3.998214236782420272e-01
1.655754003609717362e-01
4.119807528387879891e-01
-8.032899232644734600e-01
9.242278685027107699e-01
7.191459248734597409e-01
4.618668864055022194e-01
1.277032279469028087e-01
-1.483317271895530087e-01
3.021014924865785822e-01
5.268934633097934750e-01
3.035187567280210885e-01
3.018498560289388788e-01
7.770031866018947131e-01
-3.827040956550535888e-01
-3.846557627452695804e-02
2.548190037121766949e-02
4.105036508029336062e-01
6.822028377049857983e-01
-7.324826985245880273e-02
7.122661836451509298e-01
-6.302620191304864061e-01
8.522133388627635142e-01
1.864375466716687857e-01
-9.284697556712200317e-01
-2.433782648064908294e-02
5.963849646003815952e-01
-6.248586359492693809e-01
1.730773352420820199e-01
-7.773159874618074117e-01
3.484961984285794845e-01
7.159266043065357632e-01
-3.512255414362013273e-01
-6.726551300239447251e-02
6.120407265578506895e-01
-1.425925017931544136e-01
9.467813452192939128e-01
6.497680836924939474e-01
-8.954755800937954646e-01
2.974428509170159440e-01
8.392592780895884452e-01
6.163151066289334068e-01
-4.967035546686831005e-01
-6.828421202366490306e-01
-8.279287409950821797e-01
-1.555730521292806312e-01
-6.941211941815863540e-01
5.749256505841782161e-01
8.751978616561031377e-01
-2.316079966802460088e-01
5.858367732752984836e-01
3.355914907016539495e-01
-6.754375559475329638e-01
-1.923373366698166720e-01
-3.392180110156490791e-01
-6.706454665558989614e-01
-4.364006141403007355e-01
1.622202197135307333e-01
-1.709395027386355626e-01
-6.640255381690272074e-01
-3.455985663809468811e-01
1.434099494507177219e-01
-9.468209775898372982e-01
9.305123558374948090e-01
-4.438016453694166863e-01
6.202614180399361743e-01
-1.786644555464482753e-01
2.593094241748743478e-01
9.334046495468160121e-01
8.392004330455837824e-01
-6.456323647447814729e-01
-2.173856833152463253e-01
9.715346380792837522e-01
4.462481733839858133e-01
-3.775171573962992078e-01
2.432732912810853243e-01
-4.011497190200550289e-01
-8.084549768951942994e-01
-1.970464411097518909e-01
-2.888518826108963378e-01
-8.604345977611635998e-01
-8.912013812147978609e-01
1.920331060864171047e-01
4.721377397476949067e-01
-7.005605992248478131e-01
-4.584327837232888836e-01
9.436622861952643770e-01
-1.535384658569298733e-01
2.868572114838667808e-01
5.555279746177852473e-01
-4.604023817813107655e-02
4.507164113087056556e-01
5.864927479723740511e-01
7.574671748306982533e-01
3.382861666505612153e-01
-4.901935059095243741e-01
-7.333037375798499014e-01
-2.138618879151195085e-01
-4.850773182565393249e-02
6.359117330764869624e-01
3.426744812031763399e-01
-8.495718840439685504e-01
-4.042102376785050577e-01
3.708931273875726298e-02
2.769766797582262630e-01
5.844934201582696609e-01
-2.130236221348071890e-01
8.537395463195383005e-01
-2.018669535685291283e-01
6.966386846099954511e-01
-5.191689484928858622e-01
-2.555683614403512216e-01
-8.219732644580870495e-01
9.108965836891751433e-01
-8.483005097286164808e-01
8.548845451490127978e-01
-5.437407741792517069e-01
3.525868429165917028e-01
-5.447283226919581445e-01
2.230234106025572594e-01
7.354398121863194859e-01
2.006538158334827404e-01
-1.892014178942753588e-01
-7.324742555438001901e-01
-5.416735772076279876e-01
4.331774830474415250e-01
-7.517398689672945000e-01
-8.897817942482952880e-01
-8.272942450899640754e-01
-5.225251957623915366e-01
-9.369543453579671777e-01
3.072764607194118369e-01
3.428089442067918657e-01
8.519100623952380325e-01
-7.200830404933178386e-01
1.387206684599742168e-01
4.014152400797610376e-02
5.174124014945999939e-01
1.421626334774543921e-01
-8.324875045793187489e-01
2.487839920162375762e-01
7.349340534464501307e-01
4.264569651685294893e-01
3.532619901929887618e-01
-4.656920924940757267e-01
-4.855352388554226017e-01
2.847099301004569760e-01
8.971904550548741586e-01
-1.867545107991781528e-01
4.792834579052533961e-01
-2.583466799461617835e-01
9.423759827971016634e-01
9.529881928461843010e-01
-1.015994259929500210e-01
-1.046724123876991985e-01
5.712434630398182112e-01
7.475850393259668714e-01
3.345956498513764643e-01
3.227901314752383843e-01
-7.399972956149047931e-01
-9.903160824556445085e-02
-3.770275178190656273e-01
6.462338749312688257e-01
-6.801846669617006569e-01
