-1.000000000000000000e+00
-1.000000000000000000e+00
1.000000000000000000e+00
1.000000000000000000e+00
1.000000000000000000e+00
1.000000000000000000e+00
1.000000000000000000e+00
-1.000000000000000000e+00
-1.000000000000000000e+00
-1.000000000000000000e+00
-1.000000000000000000e+00
1.000000000000000000e+00
1.000000000000000000e+00
-1.000000000000000000e+00
1.000000000000000000e+00
-1.000000000000000000e+00
-1.000000000000000000e+00
-1.000000000000000000e+00
-1.000000000000000000e+00
1.000000000000000000e+00
1.000000000000000000e+00
1.000000000000000000e+00
-9.685467362133708402e-01
1.000000000000000000e+00
-1.000000000000000000e+00
1.000000000000000000e+00
1.000000000000000000e+00
1.000000000000000000e+00
-9.478252954063182134e-01
-1.000000000000000000e+00
-5.134522041966590455e-01
-1.000000000000000000e+00
1.000000000000000000e+00
-1.000000000000000000e+00
-1.000000000000000000e+00
3.675933437482161725e-01
1.000000000000000000e+00
-1.000000000000000000e+00
-1.000000000000000000e+00
-1.000000000000000000e+00
1.000000000000000000e+00
1.000000000000000000e+00
-3.832710862278898567e-02
1.000000000000000000e+00
1.000000000000000000e+00
1.000000000000000000e+00
4.069562476745137158e-01
-1.000000000000000000e+00
-1.000000000000000000e+00
-9.160070337925900752e-01
-1.000000000000000000e+00
-1.000000000000000000e+00
-1.000000000000000000e+00
-1.000000000000000000e+00
-1.000000000000000000e+00
-1.000000000000000000e+00
-1.000000000000000000e+00
-1.236698838081338181e-01
-6.317130380440714177e-01
9.632086063759532912e-01
1.000000000000000000e+00
1.000000000000000000e+00
-1.000000000000000000e+00
1.000000000000000000e+00
1.000000000000000000e+00
1.000000000000000000e+00
1.000000000000000000e+00
-1.000000000000000000e+00
9.328156671191774052e-01
-1.000000000000000000e+00
1.000000000000000000e+00
1.000000000000000000e+00
1.000000000000000000e+00
-1.000000000000000000e+00
-1.000000000000000000e+00
-1.000000000000000000e+00
1.000000000000000000e+00
1.000000000000000000e+00
1.000000000000000000e+00
-7.973846701498451539e-01
-1.000000000000000000e+00
-1.000000000000000000e+00
1.000000000000000000e+00
1.000000000000000000e+00
-1.000000000000000000e+00
9.788170973893988158e-01
-1.000000000000000000e+00
1.000000000000000000e+00
1.000000000000000000e+00
1.000000000000000000e+00
1.000000000000000000e+00
1.000000000000000000e+00
1.000000000000000000e+00
9.786178417269526530e-01
9.200000000000000400e-01
1.000000000000000000e+00
-1.000000000000000000e+00
-1.000000000000000000e+00
1.000000000000000000e+00
1.000000000000000000e+00
-1.000000000000000000e+00
-1.000000000000000000e+00
-1.000000000000000000e+00
8.408430335230918651e-01
-1.000000000000000000e+00
-4.237193673352815382e-02
-1.000000000000000000e+00
9.940264284747910017e-02
-1.000000000000000000e+00
1.000000000000000000e+00
8.801877850724493246e-01
-6.442382646852669037e-01
-9.885513287884009070e-01
1.000000000000000000e+00
1.000000000000000000e+00
-1.000000000000000000e+00
-1.000000000000000000e+00
-1.000000000000000000e+00
-1.000000000000000000e+00
3.587253265681790149e-01
-1.000000000000000000e+00
-1.000000000000000000e+00
5.141296474112110326e-01
1.000000000000000000e+00
-1.000000000000000000e+00
4.770362993500922855e-01
1.000000000000000000e+00
-1.000000000000000000e+00
-1.000000000000000000e+00
1.000000000000000000e+00
-1.000000000000000000e+00
1.000000000000000000e+00
1.000000000000000000e+00
-1.000000000000000000e+00
1.000000000000000000e+00
1.000000000000000000e+00
1.000000000000000000e+00
1.000000000000000000e+00
8.123841086898907493e-01
1.000000000000000000e+00
1.000000000000000000e+00
-1.000000000000000000e+00
-1.000000000000000000e+00
1.000000000000000000e+00
1.000000000000000000e+00
1.000000000000000000e+00
-1.000000000000000000e+00
1.000000000000000000e+00
-1.000000000000000000e+00
1.000000000000000000e+00
1.000000000000000000e+00
-1.000000000000000000e+00
-1.000000000000000000e+00
1.000000000000000000e+00
1.000000000000000000e+00
-1.000000000000000000e+00
1.000000000000000000e+00
-1.000000000000000000e+00
1.000000000000000000e+00
-3.341698941932667033e-01
1.000000000000000000e+00
-1.000000000000000000e+00
1.000000000000000000e+00
-1.000000000000000000e+00
-1.000000000000000000e+00
1.000000000000000000e+00
-1.000000000000000000e+00
-1.000000000000000000e+00
-1.000000000000000000e+00
1.000000000000000000e+00
-1.000000000000000000e+00
1.000000000000000000e+00
-1.000000000000000000e+00
8.728783740032310945e-01
8.366278836801377405e-01
1.889264032095510082e-01
-7.193932908269614623e-01
1.000000000000000000e+00
1.000000000000000000e+00
-1.000000000000000000e+00
-1.000000000000000000e+00
-9.595858294017192147e-01
1.000000000000000000e+00
1.000000000000000000e+00
-1.000000000000000000e+00
-1.000000000000000000e+00
1.000000000000000000e+00
-3.618059982702153121e-01
-6.974968463648872907e-01
-1.000000000000000000e+00
1.000000000000000000e+00
1.000000000000000000e+00
4.374789870626367705e-01
-1.000000000000000000e+00
-1.000000000000000000e+00
1.000000000000000000e+00
-1.000000000000000000e+00
-1.000000000000000000e+00
6.758802372545240633e-01
1.000000000000000000e+00
1.000000000000000000e+00
1.000000000000000000e+00
-1.000000000000000000e+00
1.000000000000000000e+00
1.000000000000000000e+00
1.000000000000000000e+00
-1.000000000000000000e+00
-1.000000000000000000e+00
1.000000000000000000e+00
1.000000000000000000e+00
-7.649528624532240251e-01
6.348167978262322375e-01
-6.750268009687196979e-01
6.461561315547013074e-01
-9.347661453150357680e-01
3.484678507474354703e-01
-1.669298910371976863e-01
9.537619391092968524e-01
-1.617810444366232225e-01
-8.037181091896836715e-01
3.643784426327567605e-01
6.057181552942934033e-01
-1.381613188409049897e-01
6.084683040013374455e-01
4.514811947363415179e-01
9.674238618852633032e-01
6.164103415504742500e-01
1.809552063514674458e-01
6.839015497552136669e-01
1.643140475933742017e-01
-1.874611190768593616e-02
5.030985363947126920e-01
-5.082904563617864913e-01
-6.355526742693065056e-01
-7.283519422088513551e-01
6.917715006669085120e-01
-8.964463022516999668e-01
6.618519768791222280e-01
2.041200328545187404e-01
7.339059804205672055e-01
-7.676251311734059168e-01
5.766807675428684554e-01
1.033356092469950305e-01
7.488565230742194601e-01
-1.000000000000000000e+00
5.734776266698383695e-01
-1.000000000000000000e+00
-8.889138144654480655e-02
-8.728472284882512477e-01
7.557534196268295146e-01
-1.417861385748709901e-01
-1.000000000000000000e+00
-1.000000000000000000e+00
-7.533656771410499609e-01
-4.177066806375364649e-01
8.021606144537294369e-01
2.512698213108077727e-01
1.351278532586950298e-01
-2.842756043412442146e-02
9.180457330523597026e-01
-9.286968484761024545e-01
-7.443220572846598326e-01
1.661661068924300544e-01
-2.759455918205131475e-01
3.953146139148169258e-01
