6.160993437430044573e-01
-3.774267236093689082e-01
-4.060941732026357442e-01
-2.393866761037253266e-01
1.184771312662165066e-01
6.733726258842458456e-01
7.960994146733673116e-01
7.294076771296438277e-01
5.916118246173633910e-01
3.184347079404212799e-01
5.706123291260525310e-01
6.666745378333871486e-01
3.233189377193890213e-01
-1.741581170722283911e-01
-4.286553314808771997e-01
9.203169911318256347e-01
8.095840466649983913e-01
-7.960030817917949086e-01
1.017982022427954547e-01
-5.906397387342012806e-01
5.318722473754458058e-01
-2.910969980636020082e-01
8.665965091713423440e-01
-2.008712786708986009e-01
-2.542177766198787658e-01
-1.792892903547691485e-01
-3.736979532931681280e-01
5.422384493493992430e-01
2.387032439279950236e-01
2.870739994959876640e-01
4.131333789960378589e-02
1.508234590273913600e-01
8.907440777389183939e-01
8.426915443559022112e-01
8.240594638200453570e-01
7.785321425568776377e-01
6.166701414206847698e-01
9.875146208175902274e-01
-1.302630732154597126e-01
2.122875991949562113e-01
2.889336852530435262e-01
6.694757294327360331e-01
2.218554174107099097e-01
9.481663475667543306e-01
3.297185074701212137e-01
4.573826229471511517e-02
-4.463531098529227581e-01
-7.132513066461017015e-01
6.009974762784608959e-01
2.964382228181656753e-01
-7.567211600652656855e-01
-3.599264726354547417e-01
7.987492134842713032e-01
-4.731794886801377054e-01
5.805924327478952929e-01
-8.666450835969710109e-01
8.942634944294012289e-01
4.537143579253590797e-01
-1.449290640809910435e-01
-9.788146617663131543e-01
8.622397515229136555e-01
9.249945156376606636e-01
5.259201958578452185e-01
-3.603121579857995194e-01
-4.161482999286674200e-01
-3.807730166273946004e-01
-1.032258972489195070e-01
-7.540881873087772469e-01
3.045226756708492299e-01
-4.852278758364962918e-01
3.628795206998824963e-01
8.954182552959835117e-01
5.443385684152750592e-01
-1.609281384680114613e-01
-6.202694838524864807e-01
1.939810399102273042e-01
-6.446364449815760178e-01
-5.216020340891058815e-01
-5.661239385697411919e-01
-2.572755551116978623e-01
6.411082802632364075e-01
-7.657881587839117099e-01
4.158160841165370325e-01
9.637294613245972474e-01
-4.038335400895154415e-01
2.121310400691425180e-01
-8.298414914401468501e-01
1.731170848528666983e-01
2.552358741604665582e-02
4.591609086681058827e-01
-6.109376169167843873e-01
1.669001389831967774e-01
5.151965389204835599e-01
-9.508558365274915047e-01
7.079281435213946594e-01
2.932248204145282422e-01
5.602273964123416494e-01
1.172241604813677451e-01
7.441127745151432382e-01
3.771951983388281970e-01
7.947458299894127887e-01
4.880741990997987667e-01
4.908414711611184256e-01
4.949215957116035458e-01
-6.140294595631474728e-01
-3.781679513644897739e-02
-5.655965832341949273e-01
4.238646532480616624e-01
-7.337374452346687725e-01
-1.753082840715340929e-01
8.456826150178660129e-01
1.209027889025720004e-01
-6.609160486849525729e-01
-6.383027279731667836e-01
-9.449507584072509569e-01
-1.600069073116308083e-01
-5.935503085613547114e-02
7.831871605268272418e-01
-1.494385221011447218e-01
-4.383540540447998790e-01
-4.093655422175501712e-02
4.755511101010676533e-01
-3.436471552609925428e-01
-3.742888642491104534e-02
-1.483170940724642950e-01
-2.556611054831825491e-02
5.382903611969009905e-01
8.096446575836322435e-01
-4.139535435685237630e-01
1.039610258103285112e-02
4.356991819329167903e-01
-8.171636388602829815e-01
9.613959800439724201e-01
3.675817120500912694e-02
-5.892827068960280190e-01
4.895223820303826745e-01
6.859457196107203725e-01
-8.956356321803851106e-01
-1.328183977971504337e-01
4.929694925998440169e-02
-4.392815657418749353e-01
-1.155940738446348259e-01
-4.308128084638163102e-01
9.545497492824031038e-01
1.193218402437679071e-01
5.032015304268444567e-02
8.227099202182153181e-01
-7.399031112472149729e-01
9.636269600503148958e-01
7.326466149039196907e-01
2.275717573941848926e-02
-6.484258443602137767e-01
-7.143795278419724504e-01
4.085394100477985901e-01
-3.061461332101516053e-01
-9.350222289745306892e-01
-6.307708105911062901e-01
2.492839493568572706e-01
6.073844647371986483e-01
-8.014140702920411474e-01
9.292283693259295596e-01
7.717810590884646160e-01
-4.111035832078013819e-02
-2.365118657910529887e-01
-8.278966837046528582e-01
-8.681154247204347918e-02
-5.994569643497025258e-01
3.510576077139115903e-01
6.979475370042507176e-01
-7.885789983865407748e-01
-8.667479034007956606e-01
2.572417442390957376e-01
6.001880389509199887e-01
-9.454707043807040190e-01
4.541256118771901384e-01
1.510696292531523710e-01
-1.156234094055579309e-01
6.989121425421469525e-01
7.194276337470704163e-01
-7.873851121533677055e-01
7.346594302251421293e-01
9.532950714367074418e-01
-8.067550804363072814e-01
-1.045815195460473301e-01
3.591635456311552677e-01
-5.777410690390993864e-01
-3.885931640333517567e-01
-3.593428514290053499e-02
8.134613447610758996e-01
-2.702892022085501278e-01
-7.758047264485985473e-01
8.035286691799379266e-01
6.972407910761375671e-01
-4.037692522972848863e-01
7.435009555446934204e-01
-4.745806416087927637e-01
1.625727952763387218e-01
8.935435387617101100e-01
-1.846877862627702704e-01
-9.573640451322162903e-02
8.719366018109275807e-01
5.695794020061617502e-01
-7.258399057030728851e-01
-6.809071484770301552e-02
8.521112261522696407e-01
2.385514045850860576e-01
-5.840987148120424521e-02
3.483927237590769277e-01
2.089576609659098416e-01
-7.246617670592159222e-01
1.241169330142781746e-01
8.524287480703225395e-01
1.000000000000000000e+00
1.000000000000000000e+00
-1.116095724963283853e-01
-6.631785233691170345e-02
-1.000000000000000000e+00
5.182516050829866217e-01
4.142446904341240410e-01
-3.971603679698910705e-01
1.000000000000000000e+00
1.000000000000000000e+00
6.757661247762325463e-01
-7.485768976326976354e-01
-1.000000000000000000e+00
-3.569609113190423400e-01
1.791024906744190237e-01
-1.000000000000000000e+00
1.461615688951386494e-01
-8.083118016453984256e-02
-1.000000000000000000e+00
1.000000000000000000e+00
3.981856659638371987e-02
8.432609488820206334e-01
-6.829572906541454547e-01
8.028548827343457983e-01
3.595018011963555526e-01
8.552171516547570906e-01
6.691017244822838883e-02
7.367242761432799547e-01
-3.932866643943100371e-02
-5.785211833407566395e-01
-2.740088762451298177e-01
-8.745437038068484270e-01
9.384752902861712709e-01
9.657532578965060122e-01
-4.170853497551221256e-01
9.955187952718347333e-01
4.742324092528802382e-01
-4.540299880373934727e-01
-4.457359572785861701e-01
5.343175316062385161e-01
8.376246988179960606e-01
7.650376133060177164e-01
-7.254899082322230353e-01
-8.688578666684074747e-01
9.892478937711746134e-02
-1.830036757631394728e-01
6.871489259088692236e-02
-3.849839850889180681e-01
1.297731836210802570e-02
-7.579659526047617391e-01
8.354184125412889017e-02
-1.773728124633944248e-02
9.913004862819838614e-01
