8.637397370991295453e-01
-7.592672808360865222e-01
-1.817230074485021163e-02
-4.502404878281447420e-01
-8.723370206144664962e-01
2.241062611508666258e-01
-7.766031853950563502e-01
-8.914543136411667845e-02
-8.772126111581601826e-02
-5.805414136766759992e-01
-6.167139909857846103e-01
5.625178478486498879e-01
1.099715718986260526e-01
3.203761637004660656e-01
-6.101601317173821482e-01
-6.146640047835632004e-01
-3.384211200779292383e-01
-4.636373802154285517e-01
-2.733709714293630633e-02
-4.686703723161071977e-01
-1.370137723285493880e-01
1.826792038065316870e-01
-1.749634825394208448e-02
-2.489828525530219938e-01
7.763402545153608170e-01
-8.093055052241004965e-01
5.309965966980256802e-02
-7.481823153445272823e-01
6.310224132999824320e-01
-7.917775285839503407e-01
9.782339470173924134e-01
6.139861221903242239e-02
6.834043922962518280e-01
-2.282174990783225610e-01
-6.816761178902841500e-02
-8.079753754803484789e-01
3.909725413350551015e-01
-6.074309409438980456e-01
-1.429904762778528848e-01
4.213998121072675129e-01
-7.336367792983153890e-01
6.157149837175657225e-01
-8.228759659997961773e-01
6.299926970528035852e-02
-2.653647483091463588e-01
3.169340474586292977e-01
5.729619211103107457e-01
-9.467847448513955211e-01
-5.488410482613159669e-01
9.490890704562433555e-01
2.626334041098465910e-01
3.981697742074743473e-01
-9.740021834985812532e-01
-7.642667672258005584e-01
-4.094310673051955174e-01
-2.741169058975727602e-01
-8.716399558943845882e-01
-6.299109237016360385e-01
-6.486222809421546831e-01
7.253624169218195750e-01
8.962039934452232792e-01
2.258454823127977740e-01
-8.485020091560913080e-01
-7.976549359651179394e-01
9.537799375187958617e-01
7.096268148315951763e-01
8.714241011472414478e-01
-9.498860076134854058e-01
-8.058888645174939747e-01
5.383599927889024528e-01
9.920395518168032556e-01
-8.041794773728601076e-01
2.401404429096964943e-01
-9.214422446741701300e-01
-4.531356316405876772e-01
-9.133294686118331729e-01
3.545751647230823700e-01
-1.575715765393981282e-01
3.489962548289671229e-01
-2.728456725819325968e-01
-6.357032081674676149e-01
9.545993247655697456e-01
2.591563049586702583e-01
-4.578505942196899881e-01
4.744402773897282710e-01
-1.815541197187928724e-01
-5.503472327022798094e-01
-5.185329717588182952e-02
-9.034307445415488136e-01
7.486852818837341772e-01
5.443709119572071042e-01
-2.876708104023584234e-01
6.646495844366060446e-01
4.234919800304461912e-01
-4.027070596194133323e-01
-5.163398511460139950e-01
8.943236743831044500e-01
2.439398838995028296e-01
-1.073190563661352570e-01
-7.670211811022253912e-01
8.677781457307531809e-02
1.495412776044395819e-01
-6.164898577745629993e-01
6.371125680534337477e-01
-2.428930317130892913e-01
9.089522550869644224e-01
-8.102488913253320657e-01
-8.410281119638893799e-01
4.070357432675812959e-01
-1.082201603470447360e-01
-4.801048366383806609e-01
3.072466592702054466e-01
-5.030423429839052663e-01
-1.662275603310825467e-01
-7.121082834617999957e-01
9.116238850234437141e-01
9.164021632580194865e-01
-3.927723340051234580e-01
-3.292432740957726978e-01
9.700911271894574472e-01
-6.810059220977540129e-01
8.068472184370922839e-02
9.840463162776305062e-01
-3.803227936006836618e-01
-5.611659182548551783e-01
5.287340376737854619e-01
-6.213488072375750182e-01
-4.877848200854788541e-01
4.642746453423540753e-01
6.576601000134874031e-01
-3.200092491789714444e-01
-2.396709079574677048e-03
1.446159635112027608e-01
1.152071117329127592e-01
-3.813334777574710621e-01
2.409822232419478460e-02
-3.589152181604715608e-03
-7.607140896994670776e-01
8.011607194908603180e-01
8.173138323738882161e-01
8.366817198213625240e-01
8.128947119472973437e-01
-6.801907989856292858e-02
-2.617299771195371605e-01
9.501517276599067419e-01
-8.935774861890675158e-01
-6.487593895247614206e-01
-2.926240435766906955e-01
-5.588645774645291109e-01
-9.357152040366554235e-01
-2.582550777107963658e-01
-8.705192014304603543e-01
-8.975882283214868806e-01
-3.275284714678328157e-02
9.238596376447492098e-01
5.882486586927693217e-02
-4.210571851198554594e-01
3.616979740835546409e-02
5.869661599039457389e-01
-4.941666154268868905e-01
7.148539130152993248e-01
-5.443826627293026910e-01
4.028358809622560877e-01
7.177278026717659465e-02
4.642246818693529509e-01
4.758855566338882070e-02
-9.627857783774191880e-01
9.249294227625215470e-02
-2.274630438559719359e-01
-5.058213362405505897e-02
1.832686595337047475e-01
-4.607393505081425200e-01
-8.548928724672000268e-01
-2.275277184202129099e-01
-6.398409277040384424e-03
-8.326640570763597093e-01
2.339516160969881131e-01
-7.036043969190293179e-01
7.666155226538589051e-01
1.796664751725076670e-01
4.536413380538248941e-01
4.544111341902024037e-02
5.269241871714136494e-02
-3.571594602774494920e-01
7.611154948286737998e-01
-6.012352568346166493e-01
3.611589706551967538e-01
7.980874790008287700e-01
2.841905218015134960e-01
2.339832992387422816e-01
-4.843430785830544760e-01
5.915625399916362159e-01
9.732115715626847852e-01
-8.092735301964448791e-01
4.010251379115099546e-01
-5.396690435821347442e-01
-6.643841838083242024e-02
-3.283186119670109537e-01
2.560770023512517479e-01
1.920296848463542982e-01
3.444163039090419876e-01
4.487846699894826319e-01
-7.411249156496280133e-01
-3.659161956772802871e-01
3.166919936064394037e-01
-1.391063678435053852e-01
-5.732145857003094758e-01
-4.414919258210241448e-01
-2.803346302201465967e-01
7.914006365291539336e-01
-1.000000000000000000e+00
-1.000000000000000000e+00
1.000000000000000000e+00
-4.630348625277144192e-01
9.234465744193950387e-01
5.435466641389832265e-01
-9.187225841221402511e-02
1.000000000000000000e+00
-1.062206039791303291e-01
-1.000000000000000000e+00
-7.778129268426445808e-01
5.847449836921478905e-01
-2.520847937081161505e-01
1.001392175982339650e-01
-1.419851704736432851e-01
8.254905666806366948e-01
8.528782869917175824e-02
8.444666331771782941e-01
-6.209089019636434559e-01
1.000000000000000000e+00
1.000000000000000000e+00
1.203828693481922008e-01
-1.000000000000000000e+00
1.000000000000000000e+00
-1.000000000000000000e+00
-4.482023375146406696e-01
6.916830510253197950e-01
6.181718863652929663e-01
1.000000000000000000e+00
-1.000000000000000000e+00
1.000000000000000000e+00
-5.866621982896275123e-02
1.000000000000000000e+00
-6.919526722915259054e-01
8.481992510742932811e-01
-9.245688882385190155e-01
-6.987794578969790393e-01
-7.541117838132986861e-01
2.532150830380397455e-01
9.918569161923280753e-01
3.047198056822846279e-01
-3.794178932801048898e-01
-6.637198174186555999e-01
2.664739260348198968e-01
-8.036460195464332212e-01
7.482899254355175334e-01
-2.305452249598745063e-01
5.922410794802652756e-01
8.761890580574156484e-01
2.215571505526907625e-01
2.937937279324280837e-01
9.823921872326160099e-01
-8.317850709414864596e-01
3.216270528876248314e-01
1.003518563559047116e-01
