6.966851921732717390e-01
2.104555666618364018e-01
3.844575331092130455e-01
2.059069664010124701e-01
1.622849443590355101e-01
-8.806904162961879390e-01
9.132204022563943369e-01
-2.314409365716607603e-02
3.626482555699992449e-01
-5.360245513200390111e-01
2.262668201469537621e-01
-8.670028264032700882e-01
7.056429358664866314e-01
8.241503705980335326e-02
-3.583096816621977876e-01
-5.694879643852654993e-01
-4.096187780759101837e-01
6.940856723892512292e-01
-8.699660910529369851e-01
-5.400682270272982866e-01
5.559320204787630004e-01
6.806782324475477708e-01
-4.706732980813479461e-01
-7.464337981534214794e-01
-6.108219691702736487e-01
-3.724268077738228655e-01
5.211973552211595084e-01
4.646156888815802244e-01
-5.830522306744874150e-01
5.696094012085801683e-01
-1.752375285787897141e-01
1.136667404303435269e-01
7.019869497885145027e-01
5.429894789682774281e-01
6.223207996379314100e-01
9.897664646245092346e-01
5.867432967811228028e-01
8.891549843952990528e-01
7.418317583219902200e-01
-1.403697238665762015e-01
-9.861043255172143862e-01
-3.971251883407396210e-01
-2.485391224418440625e-01
1.929547466428229718e-01
-5.943138965611813873e-01
9.063153046820751069e-01
-6.356288789931219263e-02
-3.467978602461112558e-01
-4.229227887151814080e-01
-6.001751962752965852e-02
-4.229425054531186223e-01
-5.216085342062990460e-01
-7.069906817965325718e-01
-8.967742667124656286e-02
3.893247183953043589e-01
-6.694782442557078994e-02
9.812257339758867491e-01
6.175358348601600600e-01
-6.880764895483175714e-01
-4.095890867302631744e-01
-4.502310089647760805e-01
-9.287368360703569525e-01
-7.026420352773001810e-01
-2.786760186973711306e-01
5.431937278042870965e-01
8.245413052537717835e-01
8.079742289452549464e-01
6.311808037181039222e-01
-7.424213955620102556e-01
-8.029683483175324987e-01
-7.150399095083841416e-01
-8.143512482573571631e-01
7.849446210398898227e-01
1.160612238721292488e-01
-1.883564933960677479e-01
7.314564039547333252e-03
8.118468935967166900e-01
-3.266972294753907047e-01
9.862954746976604348e-01
-1.705091026056315684e-04
-4.914341363766652204e-01
-8.613387675698445101e-01
8.030276054261771268e-01
5.647469724276050762e-01
9.147809168526308543e-01
-8.966955589800316151e-01
-9.024125097836601661e-01
-9.256623868991462611e-01
-6.183892740732648274e-01
-7.991460258081344303e-01
-6.038140859506080371e-01
-3.611009685208401709e-01
8.213832695530558503e-01
5.342098352167565789e-01
1.563982155908367755e-01
-8.687166736063660633e-01
3.639401839988247733e-01
6.085135693473235907e-01
9.698657708664817356e-01
3.381806864995593465e-01
9.419623722485943595e-01
9.858749157291724075e-02
-5.588226557205042688e-01
-1.656326990203913496e-01
3.351613519934373286e-01
-9.510424179080434470e-01
-1.060415607728826259e-02
-9.413850394504925667e-01
-5.106689901428069778e-01
5.125464104041177471e-02
2.313413043878687070e-02
-9.756311974136839815e-01
-3.087330179807878938e-01
1.037692479769705134e-01
-1.732921807538023717e-01
5.899467387022780951e-01
-9.119359511417979292e-01
-6.266800344971934500e-01
5.433943673756358450e-02
9.301325016716071037e-01
-3.613399601711579923e-01
5.468126646706530369e-01
5.248628163577897521e-01
2.591221033077473201e-02
8.049508685708417488e-01
-9.080416256623633497e-01
1.867884868170617274e-01
7.621459961934311522e-01
-1.590291656802920173e-01
-2.714318312861456750e-01
3.457746988224534856e-01
-8.197371581505110694e-01
9.065968483580866266e-01
-2.234411464882946063e-01
4.710683819190242261e-01
3.919915074617863482e-02
4.081626363226782406e-01
8.141492325004968666e-01
-8.201538730588586734e-01
-1.090278801647501794e-01
-2.053731416487436512e-01
-7.044818491530251414e-01
7.930520646153915720e-01
-1.536630576838888818e-01
-6.806206597586175189e-01
-7.706294542863463271e-01
-9.654139710281326447e-01
7.720687296605017735e-01
1.007845020006716830e-01
7.680409705160680112e-01
-2.546445694936585458e-01
4.385183116527693326e-01
2.299158009632029653e-02
3.571946584221483700e-01
-8.405130116422632192e-02
-2.563283844591635052e-02
-3.532928023390249361e-01
-9.991439758322344655e-01
6.974964076392093926e-01
-3.540557574499048066e-01
1.408543382093809804e-01
-1.003124946666769102e-01
-2.517860191927061564e-01
-1.871090393939764951e-01
4.570454324910504518e-01
3.814967198403336202e-01
-2.816387315353430232e-01
9.693157912619549954e-01
-8.641828791064707360e-01
9.063691562334201812e-01
2.656791456734273194e-01
3.958442521387492974e-01
-6.454076857779544873e-01
-9.921167525047851488e-01
1.856222594920386992e-01
5.640275019426077563e-02
-4.109381505849194482e-01
7.155965615758954623e-01
4.898306044864286779e-01
-2.312799714834405940e-01
-9.257097623585168744e-01
9.186224421231063975e-01
-3.211964695690012750e-01
-8.932891637792643724e-01
3.702820009899889797e-01
7.282845341607897538e-01
3.383490420613235461e-01
-4.824551522327249486e-01
6.544513710680175400e-01
3.688787104650546045e-01
1.343387488073752856e-01
2.102479335835676366e-01
-6.520436305273218380e-01
8.779910351135444824e-01
-9.284746894744588808e-02
9.380337832280811750e-01
5.791327249510609398e-01
5.201624170339971265e-01
3.643476407864687516e-01
-6.982974769144210114e-01
-5.592773691268650982e-01
-7.637962137304015187e-01
5.864788932679394495e-01
-9.699784727218356828e-01
4.852584515192011061e-01
-7.431013193208686474e-01
-2.930314328192114015e-01
2.401942357733546363e-01
-1.472981369403496554e-01
-4.084198048279261695e-01
-3.207024385953055612e-01
2.326911053503298299e-01
1.000000000000000000e+00
2.635253808044986656e-01
6.200453400804278870e-01
3.995063790210892640e-01
-1.000000000000000000e+00
1.996467426776805665e-01
9.797287613255547534e-01
5.242522789370871461e-01
6.670150036549848949e-01
1.000000000000000000e+00
1.000000000000000000e+00
-3.430628357319960298e-01
3.814822944002232985e-01
5.787860207644053290e-01
-5.545086136106642805e-01
1.000000000000000000e+00
-4.512116327230605295e-01
-1.000000000000000000e+00
7.197119306025899776e-01
1.000000000000000000e+00
-4.960900449954825930e-01
-1.000000000000000000e+00
1.000000000000000000e+00
-1.000000000000000000e+00
-3.735824959544561397e-01
-9.241957905364037718e-01
4.573946526038791260e-02
-2.760472657450401268e-01
-8.577920307866546690e-01
-1.000000000000000000e+00
-7.658736080061844254e-01
1.000000000000000000e+00
3.492765326023291039e-01
1.000000000000000000e+00
-1.793186494811417342e-01
-4.784958744660441354e-01
1.000000000000000000e+00
-2.602582392845611547e-01
-6.212562369265692830e-01
3.946409073512993637e-01
5.757024245556685571e-01
7.574390770938432826e-01
1.000000000000000000e+00
-1.000000000000000000e+00
1.000000000000000000e+00
1.000000000000000000e+00
-1.000000000000000000e+00
-1.000000000000000000e+00
-2.183204455696930446e-01
1.000000000000000000e+00
3.805353095016186793e-01
-1.000000000000000000e+00
-1.000000000000000000e+00
