1.000000000000000000e+00
7.106518464427198367e-01
-1.000000000000000000e+00
-1.000000000000000000e+00
1.000000000000000000e+00
-1.000000000000000000e+00
-1.000000000000000000e+00
-1.000000000000000000e+00
-1.000000000000000000e+00
1.000000000000000000e+00
1.000000000000000000e+00
-1.000000000000000000e+00
-1.000000000000000000e+00
-7.069094779716533772e-01
1.000000000000000000e+00
1.000000000000000000e+00
1.998311873342391021e-01
1.000000000000000000e+00
1.000000000000000000e+00
1.000000000000000000e+00
1.000000000000000000e+00
1.000000000000000000e+00
-1.000000000000000000e+00
1.000000000000000000e+00
-1.000000000000000000e+00
1.000000000000000000e+00
-1.000000000000000000e+00
-1.000000000000000000e+00
1.000000000000000000e+00
1.000000000000000000e+00
-1.000000000000000000e+00
8.983910871664402276e-01
1.000000000000000000e+00
-1.000000000000000000e+00
-1.000000000000000000e+00
2.240664784966228673e-01
-2.487329336370778243e-01
1.000000000000000000e+00
1.000000000000000000e+00
-1.000000000000000000e+00
8.696667626371189508e-01
-1.000000000000000000e+00
-1.000000000000000000e+00
1.000000000000000000e+00
1.000000000000000000e+00
1.000000000000000000e+00
4.058374942318457856e-01
-1.000000000000000000e+00
-1.000000000000000000e+00
1.000000000000000000e+00
-1.000000000000000000e+00
1.000000000000000000e+00
1.000000000000000000e+00
1.000000000000000000e+00
-1.000000000000000000e+00
1.000000000000000000e+00
-1.000000000000000000e+00
-7.813551442966759630e-01
1.000000000000000000e+00
-1.000000000000000000e+00
-1.000000000000000000e+00
1.000000000000000000e+00
1.000000000000000000e+00
1.000000000000000000e+00
1.000000000000000000e+00
-1.000000000000000000e+00
1.000000000000000000e+00
9.834882242050321244e-01
1.000000000000000000e+00
-1.000000000000000000e+00
-1.000000000000000000e+00
-1.000000000000000000e+00
1.000000000000000000e+00
1.000000000000000000e+00
-1.000000000000000000e+00
-1.000000000000000000e+00
9.086076102599215387e-01
1.000000000000000000e+00
1.000000000000000000e+00
-1.000000000000000000e+00
1.000000000000000000e+00
-4.815573824282134430e-01
1.000000000000000000e+00
-1.000000000000000000e+00
-1.000000000000000000e+00
1.000000000000000000e+00
-1.000000000000000000e+00
1.000000000000000000e+00
1.000000000000000000e+00
-1.000000000000000000e+00
-1.000000000000000000e+00
1.000000000000000000e+00
-1.000000000000000000e+00
-1.000000000000000000e+00
-1.000000000000000000e+00
-1.000000000000000000e+00
1.000000000000000000e+00
1.000000000000000000e+00
8.337615984564364369e-02
-1.000000000000000000e+00
1.000000000000000000e+00
-1.000000000000000000e+00
1.000000000000000000e+00
-1.000000000000000000e+00
1.000000000000000000e+00
-1.000000000000000000e+00
1.000000000000000000e+00
1.217367789489829932e-01
-1.000000000000000000e+00
-1.000000000000000000e+00
1.000000000000000000e+00
9.506466391880379341e-01
1.000000000000000000e+00
1.000000000000000000e+00
1.000000000000000000e+00
-1.000000000000000000e+00
1.000000000000000000e+00
-1.000000000000000000e+00
1.000000000000000000e+00
1.000000000000000000e+00
-1.000000000000000000e+00
1.000000000000000000e+00
-1.000000000000000000e+00
1.000000000000000000e+00
-1.000000000000000000e+00
1.000000000000000000e+00
1.000000000000000000e+00
-3.202336046197942210e-01
-1.000000000000000000e+00
-1.000000000000000000e+00
-1.000000000000000000e+00
1.000000000000000000e+00
-1.000000000000000000e+00
9.243585899998902899e-01
-9.564223792810135905e-01
1.000000000000000000e+00
-6.605849613917669227e-01
1.000000000000000000e+00
1.000000000000000000e+00
-1.000000000000000000e+00
-1.000000000000000000e+00
-1.000000000000000000e+00
-1.000000000000000000e+00
1.000000000000000000e+00
-1.000000000000000000e+00
-1.000000000000000000e+00
-1.000000000000000000e+00
-1.000000000000000000e+00
1.000000000000000000e+00
-1.000000000000000000e+00
-1.000000000000000000e+00
-1.000000000000000000e+00
1.000000000000000000e+00
1.000000000000000000e+00
-1.000000000000000000e+00
-3.971153824866253679e-01
1.000000000000000000e+00
9.584897844838562442e-01
-1.000000000000000000e+00
-1.000000000000000000e+00
-1.000000000000000000e+00
-1.000000000000000000e+00
-1.000000000000000000e+00
-1.000000000000000000e+00
1.000000000000000000e+00
1.000000000000000000e+00
9.244603030875824246e-01
-1.000000000000000000e+00
-1.000000000000000000e+00
-1.000000000000000000e+00
-5.788609845163341650e-01
8.197063813707748947e-01
1.000000000000000000e+00
1.000000000000000000e+00
1.000000000000000000e+00
-1.000000000000000000e+00
-1.000000000000000000e+00
1.000000000000000000e+00
1.000000000000000000e+00
-1.000000000000000000e+00
-1.000000000000000000e+00
-1.000000000000000000e+00
1.000000000000000000e+00
1.000000000000000000e+00
1.000000000000000000e+00
1.000000000000000000e+00
-1.000000000000000000e+00
-1.000000000000000000e+00
1.000000000000000000e+00
-1.000000000000000000e+00
-1.000000000000000000e+00
1.000000000000000000e+00
-1.000000000000000000e+00
1.094646485642276623e-01
-1.000000000000000000e+00
-1.000000000000000000e+00
-1.000000000000000000e+00
9.887544031194359651e-01
1.000000000000000000e+00
1.000000000000000000e+00
-1.000000000000000000e+00
1.000000000000000000e+00
9.483790951819516257e-01
1.000000000000000000e+00
-1.437294739525443732e-01
-1.000000000000000000e+00
-1.000000000000000000e+00
1.000000000000000000e+00
-1.000000000000000000e+00
1.000000000000000000e+00
-1.000000000000000000e+00
1.802540910836480104e-01
-5.922655001854892909e-01
1.000000000000000000e+00
7.363209204811793640e-02
-1.000000000000000000e+00
-1.000000000000000000e+00
1.000000000000000000e+00
9.805352901634608598e-01
-4.717986513475710408e-01
2.901089877099561898e-01
2.926991287720323021e-01
1.578151359945300092e-01
3.533897222361028212e-01
1.000000000000000000e+00
-3.920298896540470035e-01
1.000000000000000000e+00
4.030435166849903883e-01
8.769832679222829830e-01
-1.128395074661556197e-01
1.000000000000000000e+00
-7.859276486638078207e-01
-5.868106633702179220e-01
6.607017618634618561e-01
7.058831300705421530e-01
-7.530330250017804872e-01
1.974893566451898508e-01
-4.080104001191742213e-04
5.576720165362063497e-01
5.595076574541968384e-02
5.176398517157523305e-01
-1.260225372016543499e-01
-5.096811157996705699e-01
-1.000000000000000000e+00
6.405849625951224313e-01
-3.205917176419810222e-01
1.000000000000000000e+00
1.000000000000000000e+00
-1.000000000000000000e+00
-1.000000000000000000e+00
-1.000000000000000000e+00
1.000000000000000000e+00
7.622721704175619006e-01
-1.000000000000000000e+00
-3.998349603686048859e-01
1.094522317764361485e-01
1.801871741409284411e-01
6.664368753680069979e-01
8.847860586131384153e-01
-1.953168732637688976e-02
-4.090667458887262686e-01
-5.737938955441879152e-01
8.188868766291736989e-01
-9.926172860961177680e-01
8.303352793907448071e-01
