8.764337391576695335e-01
-6.006315872753444918e-01
2.964770202675464095e-01
-2.153513304287568708e-02
2.080321221066332438e-01
6.981277221351303020e-01
-1.448288798459995697e-01
-8.897135498401886888e-01
1.212006045544693489e-01
3.085740644363048624e-01
-8.207412803999301065e-01
3.628350639762925045e-01
-1.394240846138532497e-01
1.419615121588462259e-01
-4.185006223345648646e-01
-5.187880616202118489e-01
7.312101301553040056e-01
4.218324883851427565e-01
-4.971141222184272124e-02
9.274607210005114677e-01
-7.961173200412812179e-01
6.312876198663830429e-01
-3.689067339422817948e-01
6.779032165934322229e-01
-7.617347794505220371e-01
-3.543620788475161376e-01
-9.111691310461687010e-01
4.995617142385504472e-01
5.368765658030487664e-01
7.203230251939918283e-01
6.177726385099227002e-01
3.462894103023541614e-01
4.112684641080692760e-01
-9.201615373392435515e-01
-4.415788079660520893e-02
2.369634029790050889e-01
2.814065341683882338e-01
-4.549267682592117445e-01
-9.266788553380826965e-01
-8.364187193544343479e-01
-2.752147922654422096e-01
2.639865702823442906e-01
-3.012665053162622009e-01
3.800689543062429898e-01
8.150240808394828562e-01
9.049309299005128260e-01
7.127700330266937279e-01
6.264737298661970932e-01
3.727105518644930893e-01
9.701410771227880758e-02
5.785480777747515901e-01
-1.015101212395568275e-01
9.596611546351887512e-01
5.252850149272862978e-01
8.449982771410065041e-01
-2.625853267078410713e-01
6.777003862956010316e-01
5.606522759553878021e-01
-5.073725683945118359e-01
5.511235203206803490e-01
-2.417157262957885244e-01
9.023358257541782557e-01
8.033266998206938236e-01
5.529792100940635891e-01
-7.408243407906318634e-01
6.329676844734710706e-01
-1.870456826013249252e-01
1.135255206488916535e-02
6.561399661181006593e-01
-9.845165318857864722e-01
2.507464902162714893e-02
9.266070614908805680e-03
6.842305421366412510e-02
-3.506731155329569916e-01
8.112049992373746576e-01
-1.577512172439987648e-01
6.639879327291813293e-01
4.921702030386818638e-01
-6.410340114668571232e-01
-7.023399646558363685e-01
5.080630160239059112e-01
-6.368398792569267552e-01
4.206197180362740706e-01
-2.176868584876423540e-03
-4.338647777784863102e-01
-6.689044910224004603e-01
-8.029933517870895265e-01
9.434256972827685939e-01
-6.263838183854408825e-02
-2.771711038105668656e-01
-9.595900147232614419e-01
9.314551243090851695e-01
-1.218943619478893847e-01
-7.779643833402600794e-01
-4.058615220940002821e-01
-9.601034253446025790e-01
-8.335021109737195122e-01
4.140165660881840459e-01
-9.642796606025656470e-01
4.799792643590050645e-02
-6.293437089562439191e-01
-4.175809681470272761e-01
6.748587549343731951e-01
6.777599183299733987e-01
-2.804195159696669659e-01
-6.980388330484399440e-02
-8.299017048974302035e-01
3.452413885658311976e-01
5.886320060233884988e-02
-7.004222304082827755e-01
-3.402342432120897264e-02
4.240178407394761262e-01
7.621158502606351082e-01
-2.620088230802022355e-01
5.561422070906991699e-01
-3.517861147882466177e-01
-9.741936384953151506e-01
2.263488123237378247e-01
2.685157781086857653e-01
-6.151562736561535516e-01
5.516754036323552324e-01
-4.276746068105692355e-01
-9.484148756705104155e-01
-5.019191282300525803e-01
8.026297783550633280e-01
6.600012987890928606e-01
-2.835602127483172197e-01
8.889724209039306935e-01
6.894335994576876736e-01
-8.919721563689009258e-01
8.452094362317092990e-01
4.085269458249094487e-01
9.456460701928348644e-01
9.828631146237349903e-01
-1.323501184043087697e-01
3.938981554899601001e-01
-4.557407908671626817e-01
-9.828789885034621143e-01
7.172556114410619799e-01
9.001578941265471201e-01
-5.546809989373746586e-01
-9.483306382183254168e-01
-2.907860457492232875e-01
-8.176263216469197292e-01
-8.079900132731001605e-01
1.749546009956060022e-01
8.930092814664565282e-01
-1.454556405770923710e-02
2.688677894519837519e-01
3.130455905535836081e-01
-9.327502242584904124e-01
4.230223022331580651e-01
3.869258833307414047e-01
-2.670174799354008144e-02
-5.182340882054925491e-01
-2.575205252567134284e-01
7.689189166187793134e-02
-5.329052527288036245e-01
-7.630009066903220560e-01
-9.132526330929646718e-02
-7.149557366712235851e-01
8.803619152334984932e-02
9.338978448947143907e-01
-7.672567307558693095e-01
5.341895952018804739e-01
5.276038969469944995e-01
-8.943333841218761293e-01
-2.781395090503124834e-01
-7.807699968223951181e-01
5.926478036357585299e-01
-6.532275433478258453e-01
-8.148243221497710742e-01
-9.257367925973309930e-01
-3.653510514201614434e-01
-2.121380800559926616e-01
9.669051330314126780e-02
-8.101265777492601128e-01
5.741008663987150484e-01
3.860890963536693921e-01
-2.812114085182277901e-01
-2.933523332704437436e-01
-9.920157135035863050e-01
-1.953507446857507546e-01
8.157000880929872189e-01
-3.943725588909707813e-01
-3.205677655178549301e-01
5.915551905465628035e-01
-7.118469213576412713e-01
2.836319411635344068e-01
2.334689158386127339e-02
5.636187168269448655e-01
-9.856379692201058251e-01
-3.552596568207964101e-01
-5.685646554220571414e-01
3.440941741879903759e-01
-7.219827666027882618e-01
-3.762041673249778562e-01
-8.212065757842808011e-01
4.876527440331013263e-01
-2.150761955922804169e-01
-1.733817043477858810e-01
8.169390453802838348e-01
-5.780115445418343434e-01
6.090473577578996434e-01
-9.057668416609185869e-01
1.908165803870891519e-01
6.931165319807190972e-01
5.345593627644638079e-01
9.175242680411532792e-01
5.500826246679213494e-01
7.276748907353791651e-02
3.374053015542279876e-01
9.836822717799094118e-01
-5.317680054323126182e-01
1.044981932149326997e-01
5.049344462370217723e-01
2.052283872592273184e-01
9.835364942505946395e-01
5.566082949934110236e-01
-3.939692066416979888e-01
-6.303424603512011171e-01
-1.441060757921814317e-01
-1.133501015636830672e-01
8.471406088131826495e-01
1.368717065991454096e-01
-1.000000000000000000e+00
2.889335368855500130e-02
6.131915235670795106e-01
1.000000000000000000e+00
1.000000000000000000e+00
-1.000000000000000000e+00
-1.062607111373301549e-01
4.712092906874221221e-01
-2.309724620502229264e-01
3.396025069453638690e-01
-8.344364515782909386e-02
6.095725499075841380e-01
5.035999079786670496e-01
3.348285470680043563e-01
-9.886920461984027853e-02
7.883685726711062713e-01
7.173356006913289562e-01
-3.976704748044341819e-01
1.000000000000000000e+00
-7.505430969545443531e-01
8.614824253147738142e-01
3.642362651596093848e-01
3.379259350877572565e-01
-3.672539048608147172e-01
4.266560351738336587e-01
-7.147626518963902109e-01
-1.000000000000000000e+00
-6.509489077236054744e-01
4.441224654119936277e-01
-7.413692670691951481e-01
-1.307067687209433338e-01
1.000000000000000000e+00
1.000000000000000000e+00
-8.451151390589098922e-01
5.211746933973708806e-01
9.352344482416826699e-01
-8.973266932370668192e-01
-9.841037567968693445e-01
7.799341410686984055e-01
7.788489791709607424e-01
