-9.082665256352941974e-01
-8.123935553073631244e-01
-1.000000000000000000e+00
-7.016966309098939814e-01
-1.106614247398316070e-01
-6.753136293999302264e-01
2.929777593715124362e-01
2.311682563003444324e-01
4.613485586498280999e-01
-5.245861975057430904e-02
-8.055575022916157124e-01
9.814723612461919711e-01
8.588900839359367989e-01
9.374709940683692011e-01
-1.000000000000000000e+00
-1.000000000000000000e+00
4.000884508390201710e-01
-9.284082899037549019e-01
1.885817302265603845e-01
1.000000000000000000e+00
2.264811162580451787e-01
4.894768232042292500e-01
9.852062345731407156e-01
8.734337101695349714e-01
3.791312312946871765e-01
-4.636809013214314712e-01
-4.042010536633105500e-01
-4.692820149452343603e-01
1.000000000000000000e+00
5.433664944745353331e-01
-2.182655567411606878e-01
-6.226091601085098626e-01
-9.946164297738625537e-01
-5.002371114369816851e-01
-6.819368863662650382e-01
8.246267228506389824e-01
6.310553884539477076e-01
2.946597039850120670e-01
-4.867025841925364249e-01
-1.000000000000000000e+00
-5.319464321075439983e-01
1.000000000000000000e+00
-6.460025365500333683e-01
6.307712069734228155e-01
-5.553549673029042344e-01
3.507892342116232243e-01
3.108800908049515477e-01
5.348976490819311591e-01
6.524467197725950518e-01
6.504424325672319984e-02
8.036098901328816990e-02
-8.360563939673151257e-01
1.000000000000000000e+00
-1.000000000000000000e+00
9.460597454192227751e-01
-1.000000000000000000e+00
-1.000000000000000000e+00
4.770529256735391854e-01
-1.000000000000000000e+00
4.119658644198671005e-01
1.635191907632353447e-01
9.611247999537374243e-02
5.066204116394008583e-01
-1.444732713838221549e-01
1.000000000000000000e+00
7.086390311014197918e-01
2.211107435738243754e-01
-6.073405350220822951e-01
3.278062738089020933e-01
-5.523484323996441514e-02
7.488155115462924449e-02
-3.227811521654330718e-02
-4.513211893881705072e-01
2.732176109477234549e-01
-4.922661172130717855e-01
-6.410544243616186355e-01
5.374288544023060332e-01
-3.365562594992698164e-01
1.786144160926325386e-01
5.309226092136967168e-01
4.802335285153419564e-01
-1.000000000000000000e+00
5.958901458167888965e-01
-1.000000000000000000e+00
1.000000000000000000e+00
4.118492034227606013e-01
-8.217311593231717559e-01
3.051758383305660516e-01
-4.750194279993817936e-01
7.181547278031702453e-01
4.419911725301840510e-01
2.897954223039076460e-01
1.000000000000000000e+00
-1.000000000000000000e+00
-4.916107151830144684e-01
-3.451788591742905865e-01
-6.891334261869010991e-01
-1.000000000000000000e+00
-1.000000000000000000e+00
-1.587491113949450749e-01
-9.844772833342239071e-01
-1.000000000000000000e+00
-8.183637208207086289e-01
4.153880528867391897e-01
5.966973441881386897e-01
3.069413698603915552e-01
6.608809875175689630e-01
-1.000000000000000000e+00
6.395448636404217346e-01
-1.810871045106665633e-01
1.000000000000000000e+00
5.153199752251887977e-01
-6.034529622297882812e-01
-3.945894492325394687e-01
-3.923432483269080340e-01
-1.000000000000000000e+00
6.685105616775081083e-01
4.707827423690447155e-01
1.000000000000000000e+00
-1.000000000000000000e+00
-6.867776607425296609e-01
-5.850796448145876294e-01
1.000000000000000000e+00
5.163584855765832593e-01
-6.715394187067960097e-01
1.000000000000000000e+00
-8.543300825738334714e-01
3.749762856449555259e-02
1.000000000000000000e+00
7.196376093001026764e-01
-1.000000000000000000e+00
-8.578528829919296328e-02
-1.000000000000000000e+00
-2.739158103896427443e-01
-6.060491893339526870e-01
1.000000000000000000e+00
-3.741620957850451124e-01
-3.504629613602293636e-01
-2.576299395200430387e-01
-1.980280206076517890e-02
4.804893218386872833e-02
1.524595783980685626e-01
-6.106746191818562819e-01
1.000000000000000000e+00
-1.000000000000000000e+00
-3.755621967046207654e-04
8.709165144600503616e-01
9.396897320844002088e-01
2.620244301060681291e-02
4.947872872695285307e-01
-3.484393605323528598e-01
-9.729338343416471524e-02
-7.338543667080492661e-01
-1.000000000000000000e+00
1.000000000000000000e+00
-1.000000000000000000e+00
1.000000000000000000e+00
3.788231429351719415e-01
-2.427298600290518360e-01
9.041737425875561174e-01
1.785390279842518635e-01
-1.000000000000000000e+00
-7.178618195492171283e-01
5.690354714578205186e-01
-3.813251560536916052e-01
7.460712915812290902e-01
1.011868336818100844e-01
-9.065362093703741575e-01
-3.151746391754486204e-02
3.489831852303830195e-01
-1.899171745812671674e-01
-2.781248523520736815e-01
8.610142487522143284e-01
-2.671603453777880999e-01
-1.661743793385527246e-01
1.000000000000000000e+00
1.000000000000000000e+00
1.944607687430732756e-01
1.000000000000000000e+00
1.000000000000000000e+00
3.386045379830262547e-01
-1.341376161971793712e-01
3.480947217824911788e-01
-6.878742054803766992e-01
-1.000000000000000000e+00
8.165343805955381784e-01
1.086935566567213129e-01
1.000000000000000000e+00
-3.938239633277070689e-02
1.000000000000000000e+00
1.432162850547668009e-01
2.439777460070201021e-01
4.895639438889615169e-01
-2.532688683289427978e-01
-2.649766340780840834e-01
6.598808387814677490e-01
8.555837255565859056e-01
-1.000000000000000000e+00
-1.593048739562423211e-01
-5.062174314386216900e-02
-2.937281328747703979e-02
4.334086452802983769e-01
-2.274210595149743219e-01
1.000000000000000000e+00
-9.790775494623385478e-03
1.000000000000000000e+00
3.754369607086373017e-01
-1.000000000000000000e+00
-1.544273397366120737e-01
2.068974205697815538e-01
2.311974148580731026e-01
2.667250513148042845e-01
-2.231161848987006646e-01
3.870384873711656404e-01
-9.027536885761346941e-01
-5.256671293019676838e-01
6.718017776246707484e-01
5.172608309109307800e-01
-3.467480365716180124e-01
9.591407031396324001e-01
-6.755883005876113234e-01
-7.348673419603026780e-01
1.000000000000000000e+00
-1.000000000000000000e+00
1.000000000000000000e+00
-1.000000000000000000e+00
-1.000000000000000000e+00
-1.000000000000000000e+00
-1.000000000000000000e+00
1.000000000000000000e+00
-1.000000000000000000e+00
1.000000000000000000e+00
-9.732181095281730032e-01
1.000000000000000000e+00
1.000000000000000000e+00
-1.000000000000000000e+00
-1.000000000000000000e+00
-1.000000000000000000e+00
2.426807914146537626e-01
8.010215037143650907e-01
1.000000000000000000e+00
2.403847616648963625e-01
-2.737671832843603381e-01
-1.000000000000000000e+00
9.597995471135684076e-02
3.311172799659778399e-01
-9.186281221352401438e-01
1.000000000000000000e+00
9.946640369083966648e-01
-8.361883959305347336e-01
-1.000000000000000000e+00
1.000000000000000000e+00
-5.862514994939016511e-01
5.126799340810055394e-01
-4.557333428531538111e-01
-4.371571146407777775e-01
-2.516910984050924061e-01
7.958977852264725872e-01
7.749765318635293276e-02
7.886399528987697582e-01
-7.544444151759706063e-01
6.053504546011390097e-02
-4.712265747829791351e-01
1.656790909012870738e-01
-1.283198253370012587e-01
