1.000000000000000000e+00
2.937434289494649242e-01
-1.000000000000000000e+00
-2.593237014348687142e-01
5.697683433352257465e-02
6.214378832618472348e-01
-1.000000000000000000e+00
-1.000000000000000000e+00
-7.787916497716811381e-01
-7.160880025185611952e-02
-1.000000000000000000e+00
1.000000000000000000e+00
9.612098568663191012e-01
9.681357422115924871e-01
1.000000000000000000e+00
1.000000000000000000e+00
5.686522954032449118e-01
3.128717884156902440e-01
-5.620618228741194322e-01
8.160324951473368893e-01
-1.000000000000000000e+00
1.000000000000000000e+00
-6.683647739801482635e-01
-1.000000000000000000e+00
-4.131436208553730394e-01
9.937749085501359492e-01
-5.410044236698683395e-01
3.484327191352495356e-01
-1.000000000000000000e+00
1.000000000000000000e+00
7.582322160114619569e-01
-1.000000000000000000e+00
1.000000000000000000e+00
-1.000000000000000000e+00
1.000000000000000000e+00
-1.000000000000000000e+00
2.915973941737984854e-01
2.062534507175292631e-02
-5.552491524968120595e-01
-1.000000000000000000e+00
-6.726010331629097561e-01
1.000000000000000000e+00
-7.332570338494417417e-01
3.276324388010577460e-01
1.000000000000000000e+00
6.196339911414744384e-01
-6.353692664376970889e-01
1.000000000000000000e+00
-4.253268868828933291e-01
-1.000000000000000000e+00
1.000000000000000000e+00
-1.000000000000000000e+00
1.000000000000000000e+00
7.934302844154789147e-01
6.460992348547359709e-01
1.000000000000000000e+00
6.022465711610767158e-01
1.000000000000000000e+00
1.000000000000000000e+00
-3.784833049054573406e-01
-8.125566538840205411e-01
1.000000000000000000e+00
1.000000000000000000e+00
6.831013591408096053e-01
-5.984571697012204261e-01
-1.000000000000000000e+00
-7.260883100966242232e-01
-3.696254292883718318e-01
-7.466649067879320700e-01
-1.000000000000000000e+00
1.000000000000000000e+00
-7.223194687349108190e-01
1.000000000000000000e+00
1.000000000000000000e+00
-1.000000000000000000e+00
-1.000000000000000000e+00
-8.798751661848028816e-01
1.000000000000000000e+00
7.928805514783843211e-01
-1.000000000000000000e+00
1.000000000000000000e+00
-1.000000000000000000e+00
-3.553199205203974032e-01
-4.921992075673177758e-01
-8.632218330069774126e-01
1.000000000000000000e+00
1.000000000000000000e+00
-9.932834523159699280e-01
6.000000000000000888e-01
-1.000000000000000000e+00
1.000000000000000000e+00
-1.000000000000000000e+00
3.230917866740952160e-01
1.000000000000000000e+00
5.142527279135002960e-01
2.365181645138617339e-01
4.214990849565160569e-01
-7.539845274511838280e-01
-5.482823686319000522e-01
-1.000000000000000000e+00
8.754757945848974376e-01
-6.123259171629553688e-01
1.000000000000000000e+00
-1.000000000000000000e+00
4.856264348588146262e-02
1.000000000000000000e+00
2.550940008806212855e-01
-5.104112100391694495e-01
-1.000000000000000000e+00
1.000000000000000000e+00
-7.520408697013394317e-01
1.176508565602262385e-01
-1.000000000000000000e+00
-8.838059878014736803e-02
-1.262355976720479500e-01
1.000000000000000000e+00
1.000000000000000000e+00
6.653174113716899818e-01
-3.803992488231324742e-01
9.430296818537656778e-01
1.000000000000000000e+00
-7.930872165799411899e-01
1.218923456864779986e-01
-4.159861422696033983e-01
1.000000000000000000e+00
-1.000000000000000000e+00
-5.408167486681225711e-01
7.009516727579749862e-01
-7.492268414949497801e-01
1.000000000000000000e+00
7.338518963558391395e-01
-7.647989549866118786e-03
3.521275557261120959e-01
-6.765659486049846461e-01
3.762653023733837365e-01
-6.997647477187972642e-01
2.920525688230113381e-01
-1.000000000000000000e+00
-6.600242175178668846e-01
-1.000000000000000000e+00
8.392370455936317697e-01
1.000000000000000000e+00
1.808660345454438101e-02
2.776998008207319790e-01
-6.000000000000000888e-01
-1.000000000000000000e+00
1.000000000000000000e+00
-3.731755956660378071e-01
6.904825166170358575e-01
1.000000000000000000e+00
1.000000000000000000e+00
-4.265529420962680396e-01
-1.000000000000000000e+00
6.404066876040622747e-01
-5.967854814128480401e-01
1.000000000000000000e+00
7.987366258012231768e-01
-1.000000000000000000e+00
-2.158716404028321878e-01
-7.094343358686643342e-01
-1.000000000000000000e+00
-1.000000000000000000e+00
5.225341951515267702e-01
-1.000000000000000000e+00
-9.145983662318200036e-01
-1.014092255402410658e-01
1.000000000000000000e+00
-2.787589340498392576e-01
-3.179437138088657688e-01
-5.669738405133336601e-01
-1.000000000000000000e+00
-1.000000000000000000e+00
5.851681151316818763e-01
-6.103715713425761358e-02
8.858906341540560003e-01
9.991762022518121400e-01
1.531451409611792602e-01
1.000000000000000000e+00
-6.000000000000000888e-01
-3.392305617075463964e-01
5.892974754591073783e-01
1.000000000000000000e+00
-7.506027366168857018e-01
-8.458618494577102576e-02
4.101961592530431466e-02
4.291186225906823415e-01
9.653843902699990043e-01
1.000000000000000000e+00
-3.828463193730904934e-01
-5.124516045315774537e-03
-5.652957465904562273e-01
-3.235610340702041454e-01
4.501522067485547174e-01
-4.843689704971008148e-01
-6.701251740260072420e-01
-2.549388753670877583e-01
6.000000000000000888e-01
1.000000000000000000e+00
1.000000000000000000e+00
-1.000000000000000000e+00
9.097423310035771538e-01
8.082793899612336075e-01
-1.000000000000000000e+00
1.000000000000000000e+00
8.545376303163271237e-01
-1.000000000000000000e+00
8.215739163805728662e-01
-1.000000000000000000e+00
-1.000000000000000000e+00
5.772180827696868910e-01
-1.000000000000000000e+00
5.363581967420971708e-01
5.812105137222885881e-02
7.349844859007619302e-01
-1.000000000000000000e+00
9.854782413809057839e-01
9.339426329758042655e-01
7.356040481622359017e-01
-7.268421711525463458e-01
-7.281241372759459374e-01
1.583537179444959864e-01
1.039477041889283887e-01
1.000000000000000000e+00
4.956484114112035266e-01
2.152344364876297156e-01
-5.321757681396895867e-01
1.000000000000000000e+00
-7.087071321695329607e-01
-1.000000000000000000e+00
5.067477778477931238e-01
1.000000000000000000e+00
1.000000000000000000e+00
3.965140592212948456e-01
-2.280201407486681653e-02
1.000000000000000000e+00
9.517227713207423445e-01
-1.000000000000000000e+00
2.366710946455541364e-01
7.457232870316217177e-01
3.772597882796742130e-01
-3.135670884763998578e-01
6.281709399321402376e-01
7.338660675733579275e-01
4.708233563748984718e-01
-7.804113613167806829e-01
-5.589251322237724917e-01
-3.471842187502147681e-01
3.026544668003596783e-01
2.084481655567869129e-01
-5.544281975971914189e-01
-1.175491521126506012e-01
3.054261550608725617e-01
8.207973272669533138e-01
1.472486735811413538e-01
-5.233045227215269435e-01
1.000000000000000000e+00
-4.025972626761449291e-01
-7.620532841954426040e-01
7.294313008684166766e-02
1.000000000000000000e+00
1.325764170862883395e-01
8.544830859193525141e-03
-3.169611960273642781e-01
1.000000000000000000e+00
-4.739707954254155364e-01
