-1.000000000000000000e+00
7.135562973988311963e-01
7.977247471427266756e-01
-1.764237182297405671e-01
2.063154863273921058e-01
-1.000000000000000000e+00
-1.000000000000000000e+00
3.050322672208506392e-01
-1.000000000000000000e+00
-1.000000000000000000e+00
2.429122228846217202e-01
-3.181257214131056332e-01
-5.826233852678363023e-01
1.000000000000000000e+00
2.043984118692518392e-01
1.000000000000000000e+00
-1.000000000000000000e+00
-1.000000000000000000e+00
-9.416506776512826304e-01
-1.000000000000000000e+00
-2.806903431847159180e-01
-1.000000000000000000e+00
-1.000000000000000000e+00
-9.937796833889234183e-01
-6.703575819401986768e-01
8.737407704761166460e-01
-1.000000000000000000e+00
9.490071001411819474e-01
-1.000000000000000000e+00
7.772533278174998950e-01
-7.606313536882539639e-01
1.000000000000000000e+00
-5.186848398270389460e-01
-6.210344526325085601e-01
1.000000000000000000e+00
-4.632263342779405213e-02
4.751025962343765063e-01
-1.000000000000000000e+00
3.914653437997883123e-01
1.000000000000000000e+00
9.104459761788941119e-01
9.279790937297272002e-01
-1.000000000000000000e+00
-8.693829979211397108e-01
-9.612043261786483717e-01
9.866034960706220325e-01
-1.000000000000000000e+00
-1.000000000000000000e+00
1.000000000000000000e+00
-1.684472874522029984e-01
-2.819837933250440853e-03
5.409687956762954109e-01
1.000000000000000000e+00
8.866403451247508727e-01
-1.397900457646742700e-01
-1.000000000000000000e+00
-4.371338325893183718e-01
1.000000000000000000e+00
-1.421268027231776809e-01
-1.000000000000000000e+00
-1.000000000000000000e+00
6.644550255597572730e-02
1.000000000000000000e+00
6.056378123905110655e-01
-1.000000000000000000e+00
-1.285167784660599666e-01
-1.000000000000000000e+00
-1.000000000000000000e+00
9.126212695447705192e-01
-4.069020166680893391e-01
9.910982489824671227e-01
-6.490496846712194845e-01
-6.637343370754823502e-01
-1.752744394217187474e-01
-1.000000000000000000e+00
-5.596901862674223960e-01
-8.867219327688364849e-01
2.584700948215055694e-01
3.327529065290298904e-01
-2.931564910281159175e-01
-1.000000000000000000e+00
-8.056366686844304015e-01
1.846272579601210273e-02
-1.000000000000000000e+00
8.262893815336193326e-02
7.813283375473474290e-01
1.642848574879680057e-01
1.000000000000000000e+00
1.000000000000000000e+00
7.534818371536504689e-01
-1.000000000000000000e+00
3.405460475114600594e-01
-1.000000000000000000e+00
1.000000000000000000e+00
-9.248441660212847193e-01
-9.505198460351012013e-01
6.288895872505211315e-01
-1.000000000000000000e+00
1.000000000000000000e+00
6.946088197198299063e-01
-6.040913034372363127e-02
-1.000000000000000000e+00
-7.005617512948788539e-01
-1.935356511860032713e-01
4.629630547430454435e-01
-1.000000000000000000e+00
-5.611161810387561566e-01
-1.000000000000000000e+00
9.217012846538611415e-01
8.350728703577454670e-01
1.000000000000000000e+00
2.444370625934099150e-01
-1.696021901237369234e-01
5.865670811681440444e-01
8.274775960437514843e-01
-5.722490952530323582e-01
-6.186976510452663058e-01
2.913298964598579066e-01
7.816157093533016020e-01
1.000000000000000000e+00
5.829318463766338526e-02
-2.297541372477169275e-01
-1.000000000000000000e+00
-1.166347767275316971e-01
1.000000000000000000e+00
8.161117139036503376e-01
1.000000000000000000e+00
1.000000000000000000e+00
8.622645350486477511e-01
-1.000000000000000000e+00
-1.000000000000000000e+00
1.000000000000000000e+00
-3.182124022797893081e-01
3.321276373446424013e-01
1.000000000000000000e+00
1.000000000000000000e+00
1.000000000000000000e+00
-1.000000000000000000e+00
-1.000000000000000000e+00
-2.683155405387693815e-01
4.238901391604218416e-01
8.672183663041103940e-02
-5.371422179715207301e-01
-5.963818258148968487e-01
1.000000000000000000e+00
9.854914913491523709e-01
-1.000000000000000000e+00
1.000000000000000000e+00
-2.314930974905915484e-01
-1.000000000000000000e+00
1.000000000000000000e+00
8.963891433599237013e-01
1.000000000000000000e+00
1.000000000000000000e+00
1.000000000000000000e+00
8.101760406512783508e-01
1.000000000000000000e+00
-1.000000000000000000e+00
-5.128268895639962466e-01
-1.000000000000000000e+00
1.559539993237063771e-01
1.851893265210725892e-01
6.714689645458246092e-01
4.891760178608917653e-01
7.753967549779309243e-01
-7.492551884753048119e-01
1.000000000000000000e+00
4.177799284214852582e-01
4.035210751658513395e-02
5.739634152957738822e-01
-8.442464165529895981e-01
-7.703623220775892566e-01
-4.728796981461954041e-01
1.000000000000000000e+00
7.799595624154110896e-01
-1.000000000000000000e+00
-5.388447935826599089e-01
-1.000000000000000000e+00
7.296623713314824844e-01
9.707672043819612906e-01
-1.378476649811405108e-01
-6.614696912540838358e-01
4.600727884470620088e-01
6.687539375961332189e-01
1.000000000000000000e+00
-8.273956844492373897e-01
5.477193249281853138e-02
1.000000000000000000e+00
-2.360065610075687825e-01
-1.000000000000000000e+00
9.170638651451475942e-01
-9.393969504303035789e-01
-1.000000000000000000e+00
1.000000000000000000e+00
1.000000000000000000e+00
5.804334610955112772e-02
-6.260969738197230683e-01
-1.000000000000000000e+00
-1.000000000000000000e+00
9.409091445960493516e-01
3.803154988188003904e-01
1.592573578407002755e-01
-1.000000000000000000e+00
1.000000000000000000e+00
-5.536684907005111622e-01
-2.683845714656514780e-01
-4.152999530443451937e-01
1.000000000000000000e+00
-1.000000000000000000e+00
8.797576118187842020e-01
4.409610426283654405e-01
-1.000000000000000000e+00
1.000000000000000000e+00
1.000000000000000000e+00
-6.398541627194972436e-01
-1.730878542547081844e-02
1.000000000000000000e+00
-2.875786730888514331e-01
-1.000000000000000000e+00
8.527937364314790436e-01
-1.000000000000000000e+00
-8.979699608334326122e-01
9.848319124763982302e-01
-9.801124664210736359e-02
-8.677959947026636645e-01
-8.326401125492790545e-01
-1.000000000000000000e+00
-1.000000000000000000e+00
-5.186574408620912013e-01
-1.000000000000000000e+00
-2.676689772526117395e-01
-1.000000000000000000e+00
-1.610095250751175100e-01
1.451790666741399338e-01
1.000000000000000000e+00
-5.272150373883611740e-01
-1.652729477127523883e-01
4.259237631628234322e-01
1.918544219520740279e-02
-9.715707231182901804e-01
-1.000000000000000000e+00
-1.000000000000000000e+00
-1.000000000000000000e+00
-1.000000000000000000e+00
-7.194843588752481978e-01
-7.534447062023856834e-01
1.000000000000000000e+00
7.581541850829912610e-01
1.000000000000000000e+00
9.246407149868891562e-01
-1.000000000000000000e+00
5.769057722369489438e-01
1.000000000000000000e+00
1.000000000000000000e+00
-1.000000000000000000e+00
1.000000000000000000e+00
-5.264328337880330722e-01
1.000000000000000000e+00
3.049891512784013159e-01
1.000000000000000000e+00
-1.000000000000000000e+00
3.091014816244824770e-01
-3.137545088617338940e-01
-3.825476956600711298e-01
6.000000000000000888e-01
