2.788296483822578220e-01
8.611372410077466899e-01
-1.000000000000000000e+00
6.236090821632016556e-01
9.469294671890604587e-01
1.000000000000000000e+00
5.105973540014381307e-01
1.000000000000000000e+00
1.000000000000000000e+00
8.597582843474932401e-01
-1.477246743281357966e-01
6.645060009907336473e-01
-1.000000000000000000e+00
1.000000000000000000e+00
4.020191241418642480e-01
5.516833699366507915e-01
-1.000000000000000000e+00
7.556880248326248717e-01
-1.000000000000000000e+00
8.283976987200462883e-02
-7.555654203228003851e-01
1.000000000000000000e+00
-4.951602312767039438e-01
-4.493082751730703706e-01
4.970164243337010790e-01
6.597206899746916875e-01
1.000000000000000000e+00
1.000000000000000000e+00
3.615408741054406683e-01
-1.000000000000000000e+00
9.744452175405733385e-01
1.724158350163563502e-01
-7.463414350821102605e-01
9.077169763225895194e-01
-1.000000000000000000e+00
-7.293596448395958110e-01
6.631743067392307234e-01
-1.000000000000000000e+00
-7.620714626570060934e-01
1.000000000000000000e+00
-6.958844650129331066e-01
-1.228638095052068946e-01
-1.000000000000000000e+00
5.295913369196717652e-02
2.410344583915145777e-02
-2.991039161697666149e-01
-1.000000000000000000e+00
3.263639887826548236e-01
1.000000000000000000e+00
7.776853872053639538e-01
1.000000000000000000e+00
5.449820482540713718e-01
2.415562621144551614e-01
1.000000000000000000e+00
2.102198267861284386e-01
-1.000000000000000000e+00
4.040699064239250404e-02
-2.406283296556355755e-01
1.000000000000000000e+00
-1.000000000000000000e+00
4.444902924005255662e-01
-7.326945944874443395e-01
-8.694827245948539840e-01
1.000000000000000000e+00
1.000000000000000000e+00
-1.000000000000000000e+00
3.920029847425000047e-01
-6.772876456278149604e-01
-1.000000000000000000e+00
-7.002567302640083646e-01
-4.831021762358395089e-02
-9.009875743966300199e-01
1.000000000000000000e+00
-1.593483855097420909e-01
7.041924691919183577e-01
4.375597423919103113e-01
1.000000000000000000e+00
9.469474228580379016e-01
-8.796816026267297861e-01
2.118950202166502428e-01
5.825124356608581966e-01
5.329996469279540960e-01
-1.000000000000000000e+00
1.000000000000000000e+00
-1.000000000000000000e+00
3.920601139378616651e-01
1.000000000000000000e+00
1.000000000000000000e+00
1.000000000000000000e+00
-1.000000000000000000e+00
7.735350507086442562e-01
-1.000000000000000000e+00
2.113903785525169665e-01
3.840697618925941192e-01
3.723545723767759386e-01
-5.028590823166325663e-01
-1.000000000000000000e+00
-1.000000000000000000e+00
6.800000000000000488e-01
-1.000000000000000000e+00
1.000000000000000000e+00
9.626565141005568593e-01
-4.811091168325127843e-01
1.000000000000000000e+00
-6.541746871294539245e-01
1.501508146614442818e-01
5.714385507238890494e-01
6.991638605140703122e-01
-1.000000000000000000e+00
1.000000000000000000e+00
1.000000000000000000e+00
1.000000000000000000e+00
7.590879954740509250e-01
1.000000000000000000e+00
-8.160497830766783034e-01
-1.000000000000000000e+00
5.834195758349980387e-01
1.000000000000000000e+00
4.399926332433804627e-02
-4.804226408753977107e-01
-1.000000000000000000e+00
-1.000000000000000000e+00
-9.548237670747030670e-01
-9.581042106602488673e-01
1.000000000000000000e+00
9.260715829514105657e-01
-2.254505041728696590e-01
8.789393975696385697e-01
1.000000000000000000e+00
-7.082457818535622396e-01
-4.909126010274281748e-01
5.082296176461952308e-01
1.000000000000000000e+00
6.462610228920748767e-01
-9.084017734361550245e-01
6.923944289611538849e-01
-4.006422067202743409e-01
7.757294151144062955e-01
-8.113398122221425757e-01
1.000000000000000000e+00
8.980492238270521010e-01
1.000000000000000000e+00
-1.000000000000000000e+00
-1.000000000000000000e+00
-9.645131895134402278e-01
5.610223223510919510e-01
1.000000000000000000e+00
1.000000000000000000e+00
7.659865727444876704e-01
1.000000000000000000e+00
-1.000000000000000000e+00
-1.000000000000000000e+00
-3.581312292910834305e-01
1.000000000000000000e+00
-1.000000000000000000e+00
1.000000000000000000e+00
-1.000000000000000000e+00
1.000000000000000000e+00
4.166243376345146743e-01
-1.000000000000000000e+00
9.787004935349565837e-01
-7.812768988828483474e-02
-2.429504820548196165e-01
7.945807237401720791e-01
-1.000000000000000000e+00
1.000000000000000000e+00
6.768665470028204512e-01
-8.248454311827595475e-01
6.879777374289486325e-01
8.292619237867376869e-01
1.000000000000000000e+00
-5.746025860800934026e-01
1.000000000000000000e+00
8.170545430531904740e-01
-3.486743043321002822e-02
1.000000000000000000e+00
-1.056956734376647139e-01
1.000000000000000000e+00
2.838832446292064438e-01
8.750445099505776980e-01
6.904048939930873541e-02
1.000000000000000000e+00
1.000000000000000000e+00
-4.127572136129304958e-01
-6.000000000000000888e-01
1.000000000000000000e+00
1.000000000000000000e+00
1.000000000000000000e+00
-1.000000000000000000e+00
3.811638262845384872e-01
-1.000000000000000000e+00
9.638931925959104419e-01
2.530633025295979666e-01
-1.000000000000000000e+00
6.786644683643563436e-01
-1.000000000000000000e+00
5.889625013571582191e-01
1.000000000000000000e+00
4.923968120147284022e-01
4.426414047991279466e-01
9.628045340149682385e-01
9.496403939621818058e-01
-9.179576624519873995e-01
-6.000000000000000888e-01
2.493826099886265468e-01
1.297268367122513255e-01
1.000000000000000000e+00
1.447253937702125404e-01
-6.952529543044948523e-01
-1.000000000000000000e+00
4.044983762461422661e-01
-1.000000000000000000e+00
1.229668110230613676e-01
2.755575345622434114e-01
-1.000000000000000000e+00
7.232603114913068731e-01
1.000000000000000000e+00
5.481607855820067599e-01
3.924729601083460917e-01
-3.986092414121134020e-01
-1.000000000000000000e+00
1.361249104457977754e-01
-3.457535677874788993e-01
-6.000000000000000888e-01
7.316355256287752074e-01
2.428634873031554342e-01
1.000000000000000000e+00
8.930779797693251254e-01
-9.288475845505543838e-01
9.428267312017800661e-01
-6.814582132713847828e-01
-1.000000000000000000e+00
-5.394972248425107253e-01
-1.000000000000000000e+00
1.000000000000000000e+00
6.309551428773140236e-01
-9.703280257623095872e-01
1.000000000000000000e+00
1.000000000000000000e+00
-1.000000000000000000e+00
-6.176506404704983355e-01
-8.576670451160411934e-01
1.000000000000000000e+00
9.032680249749791557e-02
8.222802469988549356e-01
-1.767625717381579864e-01
-1.000000000000000000e+00
-1.406072403838198870e-02
1.000000000000000000e+00
2.931746209585869845e-01
-1.000000000000000000e+00
1.000000000000000000e+00
1.000000000000000000e+00
1.000000000000000000e+00
-1.000000000000000000e+00
-1.000000000000000000e+00
-1.000000000000000000e+00
3.877387006831612970e-01
9.809512029130249555e-01
-9.006163092522275759e-01
-1.000000000000000000e+00
-1.000000000000000000e+00
3.612150472432112958e-02
1.000000000000000000e+00
8.476061365321330143e-01
