9.417319528961946018e-01
-6.886024603621008211e-01
6.360090591201701393e-01
-7.383410330048710835e-01
7.866699683289185563e-01
-1.000000000000000000e+00
1.000000000000000000e+00
-8.485314915713466632e-01
9.160579131583061752e-02
-1.000000000000000000e+00
-1.000000000000000000e+00
7.418783279938865327e-01
-4.841312189830696000e-02
1.000000000000000000e+00
1.428304197582966339e-01
1.000000000000000000e+00
-6.708357840149778983e-01
-8.496428177582607821e-01
8.072336996195716985e-01
-1.000000000000000000e+00
-1.000000000000000000e+00
1.174799395352816717e-01
-6.131895205556450179e-01
-5.065263513461629730e-01
-7.657292822901846652e-01
-8.827795204251700500e-01
8.343932479293590943e-01
-1.000000000000000000e+00
-1.000000000000000000e+00
-1.000000000000000000e+00
-3.707474643542267301e-01
-1.000000000000000000e+00
-4.315697953884042315e-01
9.136404914745542838e-01
1.000000000000000000e+00
-4.895697376649238430e-02
1.000000000000000000e+00
-1.000000000000000000e+00
-1.662121835597801245e-01
-1.000000000000000000e+00
-9.360000000000000542e-01
2.833679385074716062e-01
-4.930107623602689726e-01
8.588375670971959419e-01
-9.867657912641150109e-01
1.000000000000000000e+00
1.000000000000000000e+00
3.865286803425989071e-01
1.000000000000000000e+00
-1.000000000000000000e+00
-9.401362344839427065e-02
1.000000000000000000e+00
-9.828933162073711927e-01
9.050603969033590435e-01
6.603826656242649529e-01
1.000000000000000000e+00
-1.000000000000000000e+00
7.326097109575119282e-01
-6.131759185765209841e-01
-4.951424722966903391e-01
5.944773710363142616e-01
-1.000000000000000000e+00
-3.197321455157760006e-01
-4.236629235490835255e-01
-1.000000000000000000e+00
4.831962322330581872e-01
4.132381697872793413e-01
1.000000000000000000e+00
-9.855158238897672174e-01
-6.115339373983602611e-01
-6.187775403836400789e-01
-1.000000000000000000e+00
-1.000000000000000000e+00
-4.668135708722671584e-01
1.000000000000000000e+00
-1.000000000000000000e+00
-3.137184184559910216e-01
-8.353141806502635547e-02
5.121887986730566666e-01
5.417378561770309631e-01
7.215944282463673254e-01
1.000000000000000000e+00
1.000000000000000000e+00
-4.605457608465047259e-01
1.000000000000000000e+00
1.008515776976878220e-01
1.000000000000000000e+00
-1.000000000000000000e+00
-8.819133418268159108e-01
1.000000000000000000e+00
-1.000000000000000000e+00
-1.000000000000000000e+00
1.714656278258348543e-01
3.706033198600565681e-01
6.614115387930052936e-01
-1.000000000000000000e+00
3.266642610282785020e-01
6.170471478577501667e-01
-1.000000000000000000e+00
-7.356242407836912633e-01
5.721796168057741161e-02
-8.038298144502987741e-01
-1.000000000000000000e+00
1.000000000000000000e+00
-5.724183106376246055e-02
-6.096506500471170487e-01
9.237499838088399917e-01
-5.542662936459797907e-01
-1.000000000000000000e+00
-9.481944073430760289e-01
-1.000000000000000000e+00
1.000000000000000000e+00
-1.000000000000000000e+00
-2.865194325549855758e-01
1.000000000000000000e+00
-9.014276913752349296e-01
1.000000000000000000e+00
7.104386540168179387e-01
-3.854339585510572763e-01
9.504653004448273546e-01
3.203959117753386598e-01
1.619911419990173185e-01
-8.726949787397514369e-01
-7.501542837093394533e-01
1.000000000000000000e+00
-4.658652030492150820e-01
3.750442445382109469e-01
-1.000000000000000000e+00
-1.000000000000000000e+00
-1.000000000000000000e+00
-1.000000000000000000e+00
-1.000000000000000000e+00
9.287939277156878615e-02
-6.986936600160074118e-01
-8.932379983353544439e-01
4.641078360538140046e-01
-4.688315254209102778e-01
-1.000000000000000000e+00
2.171402716496710628e-01
-9.366175076821717793e-01
-4.006397123707466923e-02
-1.000000000000000000e+00
-1.000000000000000000e+00
1.000000000000000000e+00
-4.717226653533436731e-01
1.000000000000000000e+00
1.000000000000000000e+00
8.653357832712106346e-01
-6.344992595967791083e-01
-4.538749640364303506e-01
-1.000000000000000000e+00
-1.000000000000000000e+00
1.000000000000000000e+00
1.000000000000000000e+00
-1.381151821938861879e-01
-5.367782044164608468e-01
-1.949294468382947176e-01
-1.000000000000000000e+00
1.000000000000000000e+00
-4.805787382062718383e-01
8.344943950502314856e-01
1.000000000000000000e+00
-1.000000000000000000e+00
-7.266337038713310825e-01
-6.259430401373473618e-01
-1.000000000000000000e+00
-1.000000000000000000e+00
5.837350326632214648e-01
1.000000000000000000e+00
-1.000000000000000000e+00
1.000000000000000000e+00
-1.000000000000000000e+00
-7.424523777688383230e-01
1.000000000000000000e+00
-1.000000000000000000e+00
-8.900910914054420697e-01
-3.649938075082315159e-01
-1.000000000000000000e+00
-7.579084768397871263e-01
-6.694851084932090801e-02
-2.785705878167118454e-01
3.052519906681585571e-01
6.974159600085454436e-01
-5.808976032735239103e-01
-1.000000000000000000e+00
-1.521519170240746843e-01
-1.000000000000000000e+00
-2.800000000000001377e-01
-8.725477462216286728e-01
-9.587034726168306431e-01
-2.800000000000001377e-01
1.096606426872293039e-02
-1.000000000000000000e+00
-8.050464551075930952e-01
3.569410474674132860e-01
9.819593520077871673e-01
1.000000000000000000e+00
2.489332773231251184e-01
8.031265698911886908e-01
-4.348064742067357935e-01
-1.000000000000000000e+00
-1.000000000000000000e+00
-1.000000000000000000e+00
6.449878613423495333e-01
-7.360786347748825564e-01
-5.179676373068642370e-01
6.000000000000000888e-01
-1.000000000000000000e+00
7.482727754303984957e-01
1.000000000000000000e+00
4.482507071294248857e-01
-7.643496893200876219e-01
1.000000000000000000e+00
9.492101272788866506e-01
-8.672930251645299959e-01
-7.286739647259081742e-01
-6.000000000000000888e-01
-9.338377220480267304e-01
1.000000000000000000e+00
-3.062394856336056459e-01
2.804919268801897569e-01
-6.000000000000000888e-01
1.000000000000000000e+00
1.000000000000000000e+00
1.167528558958846191e-02
-1.000000000000000000e+00
-1.000000000000000000e+00
1.000000000000000000e+00
-1.000000000000000000e+00
-2.826329572696409387e-01
6.320377268372132651e-01
-9.175043808908215359e-01
3.000836014928400242e-01
1.956158357056220765e-01
1.000000000000000000e+00
-8.215083761745810564e-01
-1.000000000000000000e+00
-3.146574605136820413e-02
2.892606899845552859e-01
5.805894138323935971e-01
1.000000000000000000e+00
-1.000000000000000000e+00
1.504627953319905842e-01
-4.685997601639221855e-01
-1.000000000000000000e+00
-8.948958704111786844e-01
-3.236609139038218452e-01
-4.143578409836428111e-01
1.000000000000000000e+00
-1.222582171354704705e-01
-1.000000000000000000e+00
2.625681382698674682e-01
-9.729896542536986548e-02
1.000000000000000000e+00
-9.747309424424644986e-01
-8.379665658423579577e-02
-7.290650286077768882e-01
1.000000000000000000e+00
1.000000000000000000e+00
4.994508886054273566e-01
-1.000000000000000000e+00
1.000000000000000000e+00
-4.278407323054688738e-01
-3.800497979697319284e-01
-1.000000000000000000e+00
