-1.000000000000000000e+00
1.000000000000000000e+00
-1.000000000000000000e+00
-1.000000000000000000e+00
-1.000000000000000000e+00
-1.000000000000000000e+00
9.821296050232444230e-01
6.861409134701871304e-01
1.000000000000000000e+00
1.000000000000000000e+00
1.000000000000000000e+00
6.824501836871795790e-01
-8.866472169405861248e-01
1.000000000000000000e+00
-1.000000000000000000e+00
-6.000000000000000888e-01
-1.000000000000000000e+00
1.000000000000000000e+00
-1.000000000000000000e+00
3.028593470866286497e-02
-1.000000000000000000e+00
-1.000000000000000000e+00
-1.000000000000000000e+00
3.473993997512475063e-01
9.252658847538974829e-01
1.000000000000000000e+00
8.540233064425222231e-01
9.964231527729300320e-01
1.000000000000000000e+00
-1.000000000000000000e+00
-1.000000000000000000e+00
-7.513727822137521439e-01
1.000000000000000000e+00
-1.000000000000000000e+00
-1.000000000000000000e+00
-1.000000000000000000e+00
1.000000000000000000e+00
-1.000000000000000000e+00
1.126748790849907284e-01
3.521182697627070479e-02
1.000000000000000000e+00
1.000000000000000000e+00
1.007405183950438737e-01
-1.000000000000000000e+00
1.000000000000000000e+00
-1.000000000000000000e+00
1.000000000000000000e+00
1.000000000000000000e+00
-3.593593189668921051e-01
-2.640798135988582374e-01
1.000000000000000000e+00
-1.000000000000000000e+00
-7.353386326719233423e-01
-9.994449712026767241e-01
1.000000000000000000e+00
1.000000000000000000e+00
-6.457070674239892005e-01
-1.000000000000000000e+00
1.000000000000000000e+00
9.953141020426510277e-01
-1.000000000000000000e+00
-1.000000000000000000e+00
-9.869284864705707427e-01
-1.000000000000000000e+00
-5.248604199826882866e-01
1.000000000000000000e+00
1.000000000000000000e+00
-6.355995662365618859e-01
1.000000000000000000e+00
-1.000000000000000000e+00
1.000000000000000000e+00
1.000000000000000000e+00
1.000000000000000000e+00
1.000000000000000000e+00
1.000000000000000000e+00
1.000000000000000000e+00
9.360000000000000542e-01
-1.000000000000000000e+00
-1.000000000000000000e+00
-1.000000000000000000e+00
1.000000000000000000e+00
-1.000000000000000000e+00
9.924516161796014257e-01
-6.000000000000000888e-01
1.000000000000000000e+00
-1.000000000000000000e+00
-1.224368817332117665e-01
1.000000000000000000e+00
1.000000000000000000e+00
1.000000000000000000e+00
1.000000000000000000e+00
-7.965542809587040640e-01
-1.000000000000000000e+00
4.135318987442839767e-01
-1.000000000000000000e+00
-8.537977255777522423e-01
1.000000000000000000e+00
-6.000000000000000888e-01
-9.849792093518778824e-01
1.000000000000000000e+00
-1.000000000000000000e+00
-9.570870223254202003e-01
1.000000000000000000e+00
-9.198696468183426012e-01
1.000000000000000000e+00
-9.574016000000000748e-01
1.000000000000000000e+00
-5.287487308326603852e-01
1.000000000000000000e+00
1.000000000000000000e+00
-1.000000000000000000e+00
1.000000000000000000e+00
-1.000000000000000000e+00
-1.000000000000000000e+00
-9.267517534771327892e-01
-6.952787006616717447e-01
1.000000000000000000e+00
-1.000000000000000000e+00
-1.000000000000000000e+00
1.000000000000000000e+00
-1.000000000000000000e+00
-4.126273240670900178e-01
-1.000000000000000000e+00
7.694780722389118477e-01
8.016240776814030911e-01
1.000000000000000000e+00
5.121534001249792301e-01
-1.000000000000000000e+00
-1.000000000000000000e+00
9.978816897494706684e-01
-1.000000000000000000e+00
-1.113527958260828177e-01
-1.000000000000000000e+00
1.000000000000000000e+00
1.000000000000000000e+00
6.729537010068616931e-01
2.824919076653998884e-01
7.118737122478379087e-01
-1.000000000000000000e+00
1.000000000000000000e+00
-1.000000000000000000e+00
1.000000000000000000e+00
-7.529521706614858978e-01
-1.000000000000000000e+00
-1.000000000000000000e+00
1.000000000000000000e+00
9.078555697288158699e-01
-1.000000000000000000e+00
1.000000000000000000e+00
-1.000000000000000000e+00
-1.000000000000000000e+00
1.000000000000000000e+00
-1.000000000000000000e+00
1.000000000000000000e+00
6.941609752342317030e-01
9.756393976530233214e-01
-1.000000000000000000e+00
-1.000000000000000000e+00
-1.000000000000000000e+00
9.988306335506154099e-01
1.000000000000000000e+00
-1.000000000000000000e+00
2.800000000000001377e-01
1.000000000000000000e+00
7.734115127922256416e-01
1.000000000000000000e+00
9.157968646743153140e-01
-9.786557273102214349e-01
-1.000000000000000000e+00
1.000000000000000000e+00
-1.000000000000000000e+00
-9.921258478912785561e-01
8.213469947755475120e-01
1.000000000000000000e+00
-1.000000000000000000e+00
5.802909774558122624e-01
-1.000000000000000000e+00
-1.000000000000000000e+00
5.839444549443655319e-01
-1.000000000000000000e+00
-1.000000000000000000e+00
-9.890906550814986264e-01
-1.000000000000000000e+00
9.839453514714235904e-01
-4.201627298771788976e-01
1.000000000000000000e+00
1.000000000000000000e+00
-6.123209859027878288e-01
-6.000000000000000888e-01
-1.000000000000000000e+00
-1.000000000000000000e+00
4.550182429567138365e-01
8.681306887458253296e-01
1.000000000000000000e+00
-1.000000000000000000e+00
6.000000000000000888e-01
1.000000000000000000e+00
-1.000000000000000000e+00
-1.000000000000000000e+00
-5.880799557003644207e-01
-1.000000000000000000e+00
1.000000000000000000e+00
-1.000000000000000000e+00
-1.000000000000000000e+00
1.437074859726870935e-01
-1.000000000000000000e+00
1.000000000000000000e+00
4.688895936868952008e-01
1.000000000000000000e+00
-4.505973302469004071e-01
-1.000000000000000000e+00
-1.000000000000000000e+00
1.000000000000000000e+00
1.000000000000000000e+00
-1.000000000000000000e+00
1.000000000000000000e+00
1.000000000000000000e+00
1.000000000000000000e+00
1.000000000000000000e+00
1.000000000000000000e+00
1.000000000000000000e+00
9.892783160793822139e-01
-1.000000000000000000e+00
1.000000000000000000e+00
-9.968318875729351713e-01
1.000000000000000000e+00
1.000000000000000000e+00
1.000000000000000000e+00
1.000000000000000000e+00
1.000000000000000000e+00
-1.000000000000000000e+00
-1.000000000000000000e+00
1.000000000000000000e+00
-9.996000659147953327e-01
-1.000000000000000000e+00
-7.744298942347849213e-01
1.000000000000000000e+00
1.000000000000000000e+00
1.000000000000000000e+00
1.000000000000000000e+00
-1.000000000000000000e+00
-6.204833228624324626e-01
1.000000000000000000e+00
-1.000000000000000000e+00
-1.000000000000000000e+00
-1.000000000000000000e+00
-1.000000000000000000e+00
6.783525313164298076e-01
-9.836994936722698313e-01
-1.000000000000000000e+00
-5.479455013400647001e-02
-1.000000000000000000e+00
-9.142264691189841974e-01
-2.286751236600546300e-01
-1.000000000000000000e+00
1.000000000000000000e+00
7.438637411622647244e-01
1.000000000000000000e+00
-1.000000000000000000e+00
-4.487005666067276355e-01
1.000000000000000000e+00
-9.799588271409928053e-01
1.000000000000000000e+00
8.863124438483918066e-01
-1.000000000000000000e+00
