-1.000000000000000000e+00
-3.463159185491391234e-01
-5.167700605876293096e-01
-1.000000000000000000e+00
1.000000000000000000e+00
2.290677827572724923e-02
1.000000000000000000e+00
-2.309123738121952873e-01
1.000000000000000000e+00
-1.000000000000000000e+00
-2.494821448696098176e-01
1.020105953254912823e-03
1.000000000000000000e+00
8.971724123057326361e-01
-1.000000000000000000e+00
8.370062655226112591e-01
-7.164574476320111351e-01
8.606965821783530979e-01
-8.702251953342216018e-01
-1.000000000000000000e+00
6.000000000000000888e-01
1.000000000000000000e+00
1.807650133427646244e-01
-3.889319904795509597e-01
6.248627342984269806e-01
-1.000000000000000000e+00
-1.000000000000000000e+00
-7.175403907785525837e-01
8.529105209550279509e-01
7.007627722017836236e-01
4.888191464882354897e-01
-4.557479714685463978e-02
-1.000000000000000000e+00
-9.646428186796268678e-01
1.000000000000000000e+00
1.000000000000000000e+00
1.000000000000000000e+00
1.095053685348342104e-01
-3.867726603178958111e-01
-1.000000000000000000e+00
1.000000000000000000e+00
6.933382194089966477e-01
-1.000000000000000000e+00
6.106659846601384389e-01
1.000000000000000000e+00
9.702052678616627235e-01
-1.000000000000000000e+00
7.731620833932906223e-01
-1.000000000000000000e+00
-1.000000000000000000e+00
-1.000000000000000000e+00
9.315592795771320267e-01
-9.238023824574133069e-01
-1.098281460749066241e-01
-2.940612406612997387e-01
3.132631317205181731e-01
1.000000000000000000e+00
-9.013578163820911149e-01
1.000000000000000000e+00
1.000000000000000000e+00
2.864364360250233332e-01
-1.618620520661714079e-01
-1.000000000000000000e+00
1.063796901470264594e-01
-3.385347957003481678e-01
1.000000000000000000e+00
-1.000000000000000000e+00
-1.000000000000000000e+00
7.481164003100793103e-01
-4.806588475732915811e-01
5.976052449844987402e-01
-1.000000000000000000e+00
-8.658349321140701438e-01
-9.445186075606163412e-01
-4.765021083642798638e-01
1.000000000000000000e+00
6.674815970050449465e-01
1.000000000000000000e+00
-5.088262278239547021e-01
-6.351179856625933651e-01
1.000000000000000000e+00
6.448122931735547070e-01
1.000000000000000000e+00
1.000000000000000000e+00
-9.167561662861174465e-01
-1.922306290553721375e-01
1.264468602186277768e-01
-1.000000000000000000e+00
-8.663996234127676610e-01
1.000000000000000000e+00
-6.342325294135892078e-01
-2.855323589571120424e-01
3.806549753617355369e-01
-9.531465458904068155e-01
1.000000000000000000e+00
1.000000000000000000e+00
-1.358017731740204792e-01
1.000000000000000000e+00
-7.873907349450628423e-01
-7.118410505101493424e-01
-5.663122090881143045e-01
-9.154409570694160836e-01
1.000000000000000000e+00
-1.000000000000000000e+00
8.160741161056864756e-01
-7.843389015586237356e-01
-5.801189047076331651e-01
2.688768643116502544e-01
-2.178616502605099647e-01
-8.888119728552410503e-01
1.000000000000000000e+00
-1.000000000000000000e+00
-2.518953368162876738e-02
9.656963496909917177e-01
-5.424301376463538382e-01
4.955266806639558319e-01
1.000000000000000000e+00
-1.000000000000000000e+00
-6.873455184597209167e-01
6.620068396369465091e-01
9.962023597268441222e-01
-2.340468342377569066e-02
-1.217593381965013655e-01
1.731755186490191445e-02
-1.000000000000000000e+00
5.477715619157463856e-01
-2.707943549030099040e-01
7.426311158372804477e-02
9.654764582864165945e-01
-1.000000000000000000e+00
-8.335725675408903745e-01
-4.826860186497021199e-01
-7.512282450799947497e-01
-1.000000000000000000e+00
-4.883770002601139915e-01
3.549136592408726476e-01
1.500405626781992074e-01
9.458558501899096971e-01
1.000000000000000000e+00
2.631230719156918418e-01
-6.264162121618473966e-01
2.910387684993691604e-01
6.666311348061425557e-01
3.268561996064356379e-02
-5.602988892670178744e-01
-3.856052805846970077e-01
3.228733598846710851e-01
-1.000000000000000000e+00
1.000000000000000000e+00
2.013076001466844178e-01
-1.000000000000000000e+00
5.453099839250983294e-01
6.799059966294767055e-01
1.000000000000000000e+00
2.252294558819197268e-01
7.584926317832373088e-02
-9.676077714593553925e-01
-3.829430265793313248e-01
1.000000000000000000e+00
-6.108387914948545383e-01
-1.000000000000000000e+00
1.000000000000000000e+00
2.124070324544731492e-01
-1.000000000000000000e+00
6.937262426635690815e-01
1.000000000000000000e+00
9.999737315147384509e-01
7.554062303658712896e-01
7.522074253947899081e-01
1.000000000000000000e+00
4.753279824270539300e-01
7.319168324429181638e-01
1.000000000000000000e+00
-1.000000000000000000e+00
1.000000000000000000e+00
5.860851687416657185e-01
-8.915969888182537773e-01
-7.585912743776264122e-01
-1.000000000000000000e+00
1.000000000000000000e+00
1.000000000000000000e+00
-8.157553390269726146e-01
1.000000000000000000e+00
-1.000000000000000000e+00
8.580055407387754407e-01
1.000000000000000000e+00
-1.000000000000000000e+00
-3.307095839420847172e-01
-1.000000000000000000e+00
-1.000000000000000000e+00
2.458661919275673680e-01
2.490700651388916276e-02
2.535262249774212773e-01
-4.459768517489309803e-01
1.000000000000000000e+00
1.000000000000000000e+00
1.000000000000000000e+00
-6.331981539157606198e-01
1.000000000000000000e+00
4.256351856187227112e-01
-2.890564111947436787e-01
-1.000000000000000000e+00
-1.000000000000000000e+00
6.674303201021571930e-01
-1.000000000000000000e+00
9.624328919770251956e-01
3.410288807524532451e-01
1.000000000000000000e+00
-6.521454359325850048e-01
-6.744784382341495466e-01
-1.000000000000000000e+00
1.296536989472981127e-01
7.587077879521801904e-01
1.000000000000000000e+00
-1.000000000000000000e+00
-7.439369517239451390e-01
6.318793228849258758e-01
2.311560018169079855e-01
1.377095220794447017e-01
1.000000000000000000e+00
-7.160564735912770817e-02
-1.000000000000000000e+00
4.995081482692107500e-01
2.369881278237227495e-01
-1.000000000000000000e+00
-3.430953459727964505e-01
9.265757674203356498e-01
1.000000000000000000e+00
1.000000000000000000e+00
-6.418952812191620616e-01
6.894848080135475288e-02
-1.000000000000000000e+00
8.825697808894630292e-01
1.000000000000000000e+00
4.025123664902684889e-02
-1.000000000000000000e+00
7.005594912419979003e-01
2.064031345807600115e-01
-1.000000000000000000e+00
9.847609309891801610e-01
-3.621203897608771816e-01
-1.000000000000000000e+00
-5.336317247609578818e-01
-6.964491571898057121e-01
-1.121994967309905000e-01
-7.528295273946666866e-02
6.286811097274125348e-01
-1.000000000000000000e+00
8.586420401493668475e-01
-1.000000000000000000e+00
1.000000000000000000e+00
-1.000000000000000000e+00
1.000000000000000000e+00
1.000000000000000000e+00
-4.918044823173445823e-01
4.796485783484440851e-02
-5.976783030299834820e-01
-6.998220943976516395e-01
1.000000000000000000e+00
1.000000000000000000e+00
-7.322920469904220520e-02
4.370383701633980822e-01
1.000000000000000000e+00
9.460481416102517471e-01
-6.000000000000000888e-01
