-1.000000000000000000e+00
1.000000000000000000e+00
1.000000000000000000e+00
1.000000000000000000e+00
1.000000000000000000e+00
-9.999999790311652204e-01
9.999999999997205569e-01
-1.000000000000000000e+00
-1.000000000000000000e+00
1.000000000000000000e+00
9.999999998203684681e-01
-1.000000000000000000e+00
-1.000000000000000000e+00
-9.999999999493018876e-01
1.000000000000000000e+00
-9.999331299889546720e-01
1.000000000000000000e+00
-2.679184182779791867e-01
-9.998258190182467420e-01
-1.000000000000000000e+00
1.000000000000000000e+00
-1.000000000000000000e+00
-9.999999999995315969e-01
-9.999999955367334659e-01
-1.000000000000000000e+00
-1.000000000000000000e+00
-9.999999999996920241e-01
1.000000000000000000e+00
1.000000000000000000e+00
1.000000000000000000e+00
-1.000000000000000000e+00
1.000000000000000000e+00
1.000000000000000000e+00
1.000000000000000000e+00
-1.000000000000000000e+00
-1.000000000000000000e+00
9.999999999954561902e-01
1.000000000000000000e+00
-1.000000000000000000e+00
-1.000000000000000000e+00
1.000000000000000000e+00
1.000000000000000000e+00
1.000000000000000000e+00
-1.000000000000000000e+00
1.000000000000000000e+00
1.000000000000000000e+00
1.000000000000000000e+00
1.000000000000000000e+00
-1.000000000000000000e+00
-1.000000000000000000e+00
1.000000000000000000e+00
9.999976308909890310e-01
9.999999999199772338e-01
1.000000000000000000e+00
1.000000000000000000e+00
-9.999999790920364173e-01
-1.000000000000000000e+00
-1.000000000000000000e+00
9.999999999406989915e-01
-9.931474739158824283e-01
-1.000000000000000000e+00
9.999993585878534930e-01
-7.232618289568828462e-01
-1.000000000000000000e+00
-1.000000000000000000e+00
-9.999999977004148111e-01
-9.999999999999296119e-01
1.000000000000000000e+00
-1.000000000000000000e+00
-1.000000000000000000e+00
9.999999733488600384e-01
-1.000000000000000000e+00
1.000000000000000000e+00
-1.000000000000000000e+00
-1.000000000000000000e+00
1.000000000000000000e+00
-9.999898747403470622e-01
-1.000000000000000000e+00
1.000000000000000000e+00
1.000000000000000000e+00
-1.000000000000000000e+00
1.000000000000000000e+00
9.999998633206776955e-01
-1.000000000000000000e+00
1.000000000000000000e+00
-1.000000000000000000e+00
1.000000000000000000e+00
-1.000000000000000000e+00
9.999999998282627089e-01
-9.999999990300645347e-01
-9.992974922049828734e-01
-1.000000000000000000e+00
-9.999999999977988718e-01
1.000000000000000000e+00
-9.999999999999982236e-01
-1.000000000000000000e+00
-1.000000000000000000e+00
9.999999999999006350e-01
-1.000000000000000000e+00
9.952057666703180150e-01
1.000000000000000000e+00
-1.000000000000000000e+00
-9.999999999272934925e-01
-1.000000000000000000e+00
1.000000000000000000e+00
-1.000000000000000000e+00
-1.000000000000000000e+00
-1.000000000000000000e+00
1.000000000000000000e+00
-1.000000000000000000e+00
1.000000000000000000e+00
-9.999999999999980016e-01
9.999999994410295745e-01
-1.000000000000000000e+00
1.000000000000000000e+00
9.999999999999847899e-01
1.000000000000000000e+00
1.000000000000000000e+00
-1.000000000000000000e+00
1.000000000000000000e+00
-1.000000000000000000e+00
-1.000000000000000000e+00
-9.999999964116526030e-01
1.000000000000000000e+00
1.000000000000000000e+00
9.999998696361659389e-01
1.000000000000000000e+00
1.000000000000000000e+00
-1.000000000000000000e+00
1.000000000000000000e+00
8.835770013520251043e-01
1.000000000000000000e+00
-9.999311242154670376e-01
-1.000000000000000000e+00
1.000000000000000000e+00
-1.000000000000000000e+00
1.000000000000000000e+00
-6.090274578803920313e-01
1.000000000000000000e+00
1.000000000000000000e+00
1.000000000000000000e+00
-1.000000000000000000e+00
-1.000000000000000000e+00
-1.000000000000000000e+00
-1.000000000000000000e+00
-5.625665322705275528e-01
-1.000000000000000000e+00
-1.000000000000000000e+00
1.000000000000000000e+00
-1.000000000000000000e+00
1.000000000000000000e+00
-9.999999999999994449e-01
-1.000000000000000000e+00
-9.999999999989506172e-01
6.461308095960023590e-02
-1.000000000000000000e+00
-9.999994903392471768e-01
1.000000000000000000e+00
1.000000000000000000e+00
1.000000000000000000e+00
-9.906256872250309709e-01
-1.000000000000000000e+00
1.000000000000000000e+00
9.999999991864887416e-01
-1.000000000000000000e+00
-1.000000000000000000e+00
1.000000000000000000e+00
1.000000000000000000e+00
-1.000000000000000000e+00
1.000000000000000000e+00
-1.000000000000000000e+00
-1.000000000000000000e+00
1.000000000000000000e+00
1.000000000000000000e+00
-1.000000000000000000e+00
1.000000000000000000e+00
1.000000000000000000e+00
-1.000000000000000000e+00
-1.000000000000000000e+00
9.915749809492970801e-01
1.000000000000000000e+00
1.000000000000000000e+00
-1.000000000000000000e+00
-9.998930291054805020e-01
1.000000000000000000e+00
-1.000000000000000000e+00
9.998310867273623170e-01
-1.000000000000000000e+00
1.000000000000000000e+00
1.000000000000000000e+00
-9.999999999990800692e-01
9.999999891153013021e-01
-1.000000000000000000e+00
-1.000000000000000000e+00
1.000000000000000000e+00
1.000000000000000000e+00
1.000000000000000000e+00
-1.000000000000000000e+00
-9.999999999999944489e-01
-1.000000000000000000e+00
1.000000000000000000e+00
9.999999999992186250e-01
-1.000000000000000000e+00
1.000000000000000000e+00
-1.000000000000000000e+00
-1.000000000000000000e+00
-1.000000000000000000e+00
1.000000000000000000e+00
-1.000000000000000000e+00
1.000000000000000000e+00
-9.999999332416423803e-01
-1.000000000000000000e+00
-1.000000000000000000e+00
1.000000000000000000e+00
1.000000000000000000e+00
-1.000000000000000000e+00
-2.544765893878701141e-02
1.000000000000000000e+00
1.000000000000000000e+00
-9.999999999998261391e-01
-1.000000000000000000e+00
-1.000000000000000000e+00
1.000000000000000000e+00
-1.000000000000000000e+00
1.000000000000000000e+00
9.999999999998832045e-01
1.000000000000000000e+00
1.000000000000000000e+00
9.999999807774947458e-01
-1.000000000000000000e+00
9.945752976883567298e-01
1.000000000000000000e+00
1.000000000000000000e+00
1.000000000000000000e+00
-1.000000000000000000e+00
1.000000000000000000e+00
1.000000000000000000e+00
1.000000000000000000e+00
1.000000000000000000e+00
1.000000000000000000e+00
-1.000000000000000000e+00
-1.000000000000000000e+00
1.000000000000000000e+00
1.000000000000000000e+00
1.000000000000000000e+00
1.000000000000000000e+00
-1.000000000000000000e+00
1.000000000000000000e+00
1.000000000000000000e+00
9.998943722998815398e-01
-1.000000000000000000e+00
1.000000000000000000e+00
1.000000000000000000e+00
1.000000000000000000e+00
-1.000000000000000000e+00
1.000000000000000000e+00
-1.000000000000000000e+00
-9.999993426716526912e-01
-1.000000000000000000e+00
-1.000000000000000000e+00
-1.000000000000000000e+00
1.000000000000000000e+00
-1.000000000000000000e+00
-1.000000000000000000e+00
1.000000000000000000e+00
