-5.563662807919107500e-01
1.000000000000000000e+00
-1.000000000000000000e+00
1.000000000000000000e+00
-5.016343121703609187e-01
-1.000000000000000000e+00
-1.000000000000000000e+00
1.000000000000000000e+00
-1.000000000000000000e+00
1.000000000000000000e+00
5.646255209286916710e-01
-1.000000000000000000e+00
1.000000000000000000e+00
9.999750633584987280e-01
-1.000000000000000000e+00
-1.000000000000000000e+00
-9.992764870994701454e-01
1.000000000000000000e+00
-1.000000000000000000e+00
1.000000000000000000e+00
9.964517979752943733e-01
1.000000000000000000e+00
-9.036168127500914249e-01
-1.000000000000000000e+00
1.000000000000000000e+00
-8.780346787663636521e-01
1.000000000000000000e+00
-9.996932074189193163e-01
1.000000000000000000e+00
-9.984892514615901771e-01
1.000000000000000000e+00
1.000000000000000000e+00
1.000000000000000000e+00
1.000000000000000000e+00
1.000000000000000000e+00
1.000000000000000000e+00
1.000000000000000000e+00
1.000000000000000000e+00
9.999717959173233250e-01
1.000000000000000000e+00
9.999534084837387038e-01
1.000000000000000000e+00
1.000000000000000000e+00
9.999991214734516021e-01
1.000000000000000000e+00
1.000000000000000000e+00
-1.000000000000000000e+00
-1.000000000000000000e+00
-1.000000000000000000e+00
1.000000000000000000e+00
-1.000000000000000000e+00
1.000000000000000000e+00
-1.000000000000000000e+00
1.000000000000000000e+00
-1.000000000000000000e+00
1.000000000000000000e+00
1.000000000000000000e+00
1.000000000000000000e+00
1.000000000000000000e+00
1.000000000000000000e+00
1.000000000000000000e+00
1.000000000000000000e+00
-1.000000000000000000e+00
-1.000000000000000000e+00
-1.000000000000000000e+00
1.000000000000000000e+00
1.000000000000000000e+00
-1.000000000000000000e+00
-1.000000000000000000e+00
-1.000000000000000000e+00
9.980617545993599737e-01
1.000000000000000000e+00
1.000000000000000000e+00
1.000000000000000000e+00
9.994056770500585607e-01
1.000000000000000000e+00
9.991638264587651141e-01
-9.999304899755887543e-01
-1.000000000000000000e+00
1.000000000000000000e+00
-1.000000000000000000e+00
1.000000000000000000e+00
-1.000000000000000000e+00
-1.000000000000000000e+00
-1.000000000000000000e+00
9.999713413575594956e-01
1.000000000000000000e+00
-9.952152676182787205e-01
1.000000000000000000e+00
1.000000000000000000e+00
1.000000000000000000e+00
1.000000000000000000e+00
1.000000000000000000e+00
-9.992504250874143512e-01
1.000000000000000000e+00
-1.000000000000000000e+00
1.000000000000000000e+00
1.000000000000000000e+00
1.000000000000000000e+00
-1.000000000000000000e+00
1.000000000000000000e+00
-1.000000000000000000e+00
-1.000000000000000000e+00
-9.988240122542555444e-01
1.000000000000000000e+00
-1.000000000000000000e+00
-1.000000000000000000e+00
-1.000000000000000000e+00
-9.995085571810891079e-01
-1.000000000000000000e+00
1.055274214087184859e-01
9.755521093884081951e-01
1.000000000000000000e+00
1.000000000000000000e+00
1.000000000000000000e+00
-9.536517505168675690e-01
1.000000000000000000e+00
1.000000000000000000e+00
-1.000000000000000000e+00
-1.000000000000000000e+00
1.000000000000000000e+00
1.000000000000000000e+00
1.000000000000000000e+00
1.000000000000000000e+00
1.000000000000000000e+00
1.000000000000000000e+00
-9.999075969018457188e-01
-1.000000000000000000e+00
1.000000000000000000e+00
-1.000000000000000000e+00
1.000000000000000000e+00
-1.000000000000000000e+00
-1.000000000000000000e+00
1.000000000000000000e+00
-1.000000000000000000e+00
-1.000000000000000000e+00
-1.000000000000000000e+00
-1.000000000000000000e+00
-9.999948340909418087e-01
-1.000000000000000000e+00
1.000000000000000000e+00
1.000000000000000000e+00
1.000000000000000000e+00
1.000000000000000000e+00
9.997111263005975523e-01
9.964704104097876769e-01
3.634807814116210456e-01
-1.000000000000000000e+00
9.978725045686414052e-01
-9.456094032854409637e-01
1.000000000000000000e+00
-1.000000000000000000e+00
1.000000000000000000e+00
-1.000000000000000000e+00
1.000000000000000000e+00
1.000000000000000000e+00
-1.000000000000000000e+00
1.000000000000000000e+00
1.000000000000000000e+00
-1.000000000000000000e+00
-1.000000000000000000e+00
1.000000000000000000e+00
-8.334975969443891852e-01
-1.000000000000000000e+00
-9.966814193380469922e-01
-1.000000000000000000e+00
1.000000000000000000e+00
1.000000000000000000e+00
1.000000000000000000e+00
-1.000000000000000000e+00
1.000000000000000000e+00
-1.000000000000000000e+00
-1.000000000000000000e+00
-9.992006932252965878e-01
-9.999992552471712592e-01
1.000000000000000000e+00
1.000000000000000000e+00
1.000000000000000000e+00
1.000000000000000000e+00
-1.000000000000000000e+00
-9.693961387676621744e-01
1.000000000000000000e+00
1.000000000000000000e+00
1.000000000000000000e+00
-1.000000000000000000e+00
-1.000000000000000000e+00
-1.000000000000000000e+00
-1.000000000000000000e+00
-5.697727880754157592e-01
1.000000000000000000e+00
-1.000000000000000000e+00
1.000000000000000000e+00
1.000000000000000000e+00
-1.000000000000000000e+00
-9.854959038927455506e-01
-1.000000000000000000e+00
-1.000000000000000000e+00
7.595568577795165366e-01
1.000000000000000000e+00
9.891534979731856358e-01
1.000000000000000000e+00
1.000000000000000000e+00
-1.000000000000000000e+00
-9.902654551235314795e-01
1.000000000000000000e+00
1.000000000000000000e+00
-9.993337388107246255e-01
1.000000000000000000e+00
9.981160185021228370e-01
-1.000000000000000000e+00
1.000000000000000000e+00
-9.995178593732021444e-01
1.000000000000000000e+00
-6.173960471950634687e-01
1.000000000000000000e+00
-9.430393220216104488e-01
1.000000000000000000e+00
1.000000000000000000e+00
-1.000000000000000000e+00
1.000000000000000000e+00
-1.000000000000000000e+00
-1.000000000000000000e+00
-9.999753092899741347e-01
9.998568480957044091e-01
9.999801107869972228e-01
-1.000000000000000000e+00
-1.000000000000000000e+00
1.000000000000000000e+00
-9.612241224863995459e-01
-1.000000000000000000e+00
1.000000000000000000e+00
4.812529333750142913e-02
-9.956866521781715385e-01
1.000000000000000000e+00
9.999630837392998739e-01
-1.000000000000000000e+00
1.000000000000000000e+00
1.000000000000000000e+00
1.000000000000000000e+00
9.978143624052286942e-01
1.000000000000000000e+00
-1.000000000000000000e+00
-9.983452207981600157e-01
-1.000000000000000000e+00
-1.000000000000000000e+00
1.000000000000000000e+00
1.000000000000000000e+00
1.000000000000000000e+00
1.000000000000000000e+00
1.000000000000000000e+00
-9.954870990063167113e-01
-1.000000000000000000e+00
9.645462642872602022e-01
-1.000000000000000000e+00
-1.000000000000000000e+00
-1.000000000000000000e+00
1.000000000000000000e+00
-8.475310753596873026e-01
1.000000000000000000e+00
1.000000000000000000e+00
9.956531594926013584e-01
1.000000000000000000e+00
9.977569969249659998e-01
1.000000000000000000e+00
-9.267521868448758138e-01
