-9.984165096096125902e-01
1.000000000000000000e+00
9.983659268748663607e-01
-1.000000000000000000e+00
-1.000000000000000000e+00
9.972492615292067875e-01
9.948831709009665625e-01
-1.000000000000000000e+00
1.000000000000000000e+00
1.000000000000000000e+00
1.000000000000000000e+00
-1.141457980440952896e-01
1.000000000000000000e+00
-1.000000000000000000e+00
-4.484149274752571301e-01
-1.000000000000000000e+00
-9.470583421542633218e-01
-1.000000000000000000e+00
1.000000000000000000e+00
-9.978186738216898721e-01
9.940927096382161654e-01
-1.000000000000000000e+00
1.000000000000000000e+00
9.996135965968682147e-01
-9.999917488013586597e-01
-9.409819593980648378e-01
1.000000000000000000e+00
-4.482723595131173910e-01
9.753994364468506761e-01
1.000000000000000000e+00
1.000000000000000000e+00
-9.511393837695523157e-01
-1.000000000000000000e+00
-1.000000000000000000e+00
9.536613199717853817e-01
1.000000000000000000e+00
1.000000000000000000e+00
1.000000000000000000e+00
9.995136010129832549e-01
-1.000000000000000000e+00
1.000000000000000000e+00
-1.000000000000000000e+00
-1.000000000000000000e+00
-1.000000000000000000e+00
-1.000000000000000000e+00
-9.226425579248772602e-01
9.974131218409365562e-01
9.997632961069085056e-01
-9.479521150676362140e-01
8.725373442699144722e-01
-8.797773414371288236e-01
8.239207401113477491e-01
1.000000000000000000e+00
-1.000000000000000000e+00
-1.000000000000000000e+00
-9.955091174571772950e-01
-1.000000000000000000e+00
-1.000000000000000000e+00
7.475323317970548054e-01
9.997841346298648180e-01
-1.000000000000000000e+00
1.000000000000000000e+00
3.824132885847563168e-01
8.055479854809488582e-01
1.000000000000000000e+00
8.982244184692429467e-01
1.000000000000000000e+00
1.000000000000000000e+00
-1.000000000000000000e+00
1.000000000000000000e+00
-6.864210391861749194e-01
-1.000000000000000000e+00
-1.000000000000000000e+00
9.539765203209227273e-01
9.917910440340091949e-01
-1.000000000000000000e+00
1.000000000000000000e+00
1.000000000000000000e+00
-1.000000000000000000e+00
1.000000000000000000e+00
1.000000000000000000e+00
-9.875967736038150369e-01
-1.000000000000000000e+00
-1.000000000000000000e+00
1.000000000000000000e+00
1.000000000000000000e+00
9.845368793159690046e-01
7.139061244926214744e-01
1.000000000000000000e+00
-1.000000000000000000e+00
-1.000000000000000000e+00
-1.000000000000000000e+00
-1.000000000000000000e+00
-1.000000000000000000e+00
-5.575043367018406304e-02
1.000000000000000000e+00
1.000000000000000000e+00
9.927643244484024576e-01
1.000000000000000000e+00
-1.000000000000000000e+00
1.000000000000000000e+00
-9.999771039209772727e-01
9.363403074231489986e-01
-1.000000000000000000e+00
-1.000000000000000000e+00
-7.682598819107127053e-01
-1.000000000000000000e+00
8.866121124100390105e-01
-1.000000000000000000e+00
1.000000000000000000e+00
1.000000000000000000e+00
1.000000000000000000e+00
1.000000000000000000e+00
1.000000000000000000e+00
-9.033128684171927159e-01
-9.958407642919798741e-01
-9.999909089466259005e-01
-9.999893026686496045e-01
9.999941318568521531e-01
1.000000000000000000e+00
-1.000000000000000000e+00
-1.000000000000000000e+00
1.000000000000000000e+00
-1.000000000000000000e+00
-1.000000000000000000e+00
-7.002229479477884988e-01
-9.545704671812718090e-01
1.000000000000000000e+00
-7.413256357564186327e-01
9.736365832478003357e-01
9.020067016735505705e-01
1.000000000000000000e+00
-1.000000000000000000e+00
7.305210583515413525e-01
9.652753734339860614e-01
-6.683401293891660933e-01
9.995802013916395001e-01
5.306922790929682887e-02
-5.545645366181960467e-01
-1.000000000000000000e+00
-1.000000000000000000e+00
-1.000000000000000000e+00
9.925096099298016394e-01
1.000000000000000000e+00
1.000000000000000000e+00
6.780793953736112822e-01
1.000000000000000000e+00
1.000000000000000000e+00
-9.994861254501591352e-01
-1.000000000000000000e+00
-9.994785095881776327e-01
9.912891854328357288e-01
-9.544054920122474472e-01
-1.000000000000000000e+00
-9.998970626882875967e-01
-9.996316485936060925e-01
-7.183701043524650665e-01
-1.000000000000000000e+00
-6.583071901665772385e-01
1.000000000000000000e+00
-9.976061869806731597e-01
1.000000000000000000e+00
9.996362740130980695e-01
1.000000000000000000e+00
-1.000000000000000000e+00
-8.975119241787209434e-01
-1.000000000000000000e+00
6.102739376468854227e-01
1.000000000000000000e+00
-1.000000000000000000e+00
-9.603143599355857818e-01
1.000000000000000000e+00
9.280739575307946909e-01
1.000000000000000000e+00
-7.577368192455723461e-01
-9.723544362432133825e-01
-1.000000000000000000e+00
-1.000000000000000000e+00
9.431598693811363843e-01
-9.976721640178191075e-01
-7.914319818709086851e-01
1.000000000000000000e+00
-1.000000000000000000e+00
1.000000000000000000e+00
1.000000000000000000e+00
-6.316520578112053697e-01
-1.000000000000000000e+00
9.999338090859193340e-01
-3.975815228242029348e-02
-1.000000000000000000e+00
9.968494583737336212e-01
1.000000000000000000e+00
-7.056444665166901054e-01
9.999894070188840578e-01
1.000000000000000000e+00
-1.000000000000000000e+00
1.000000000000000000e+00
9.999994305843673548e-01
-9.997621768042368462e-01
-5.017354777420280909e-01
1.000000000000000000e+00
-9.987297973294811948e-01
9.997695396206094376e-01
1.000000000000000000e+00
-2.933849612468847345e-01
-1.000000000000000000e+00
1.000000000000000000e+00
3.590595489501319237e-02
-9.540262030279281769e-01
-9.995761490031045415e-01
1.000000000000000000e+00
1.000000000000000000e+00
1.000000000000000000e+00
9.261747266153712577e-01
-1.000000000000000000e+00
-1.000000000000000000e+00
9.991618776121707901e-01
1.000000000000000000e+00
1.000000000000000000e+00
7.671418125302919000e-01
6.464905923828163647e-01
-1.000000000000000000e+00
-3.712541966513556169e-01
-1.000000000000000000e+00
1.000000000000000000e+00
-1.000000000000000000e+00
1.000000000000000000e+00
5.986334477454179348e-01
1.000000000000000000e+00
1.000000000000000000e+00
8.512103312454893933e-02
-2.142217961197357412e-01
9.911261297298925577e-01
9.999999157660731663e-01
6.791949672888896172e-01
1.000000000000000000e+00
-9.166113015426484711e-01
9.966974492862986645e-01
1.000000000000000000e+00
1.000000000000000000e+00
4.987861343984948959e-01
1.000000000000000000e+00
9.903310994873267825e-01
1.000000000000000000e+00
1.000000000000000000e+00
-1.000000000000000000e+00
9.877902037118556355e-02
1.000000000000000000e+00
1.000000000000000000e+00
9.997740528473120225e-01
-9.952842443506780823e-01
-7.483136924295277215e-01
-8.935044044886141235e-01
1.000000000000000000e+00
1.000000000000000000e+00
-1.000000000000000000e+00
-9.748580820426505644e-01
-1.000000000000000000e+00
1.000000000000000000e+00
1.000000000000000000e+00
-1.000000000000000000e+00
-9.314458741475641901e-01
1.000000000000000000e+00
9.787658132874320627e-01
8.227066228615043109e-01
