-1.000000000000000000e+00
-1.000000000000000000e+00
1.000000000000000000e+00
-1.000000000000000000e+00
-1.000000000000000000e+00
7.029815456014762987e-01
-9.999976828410667151e-01
-9.999964881941592054e-01
9.999998622977288587e-01
9.999994317719996806e-01
9.999310340809792752e-01
8.537884961820851881e-01
-1.000000000000000000e+00
1.000000000000000000e+00
1.000000000000000000e+00
1.000000000000000000e+00
1.000000000000000000e+00
1.000000000000000000e+00
1.000000000000000000e+00
9.256355389435546588e-01
9.333771486065456369e-01
1.000000000000000000e+00
9.999211609028928471e-01
-9.997268999166921688e-01
-9.702739706475107528e-01
1.000000000000000000e+00
-1.000000000000000000e+00
1.000000000000000000e+00
-1.000000000000000000e+00
-1.000000000000000000e+00
-7.750529735517925900e-01
8.990479026791102779e-01
-1.000000000000000000e+00
-1.000000000000000000e+00
9.902438624977841775e-01
1.000000000000000000e+00
9.999999894442904713e-01
-6.849283777661784312e-01
1.000000000000000000e+00
9.802440769040368096e-01
-1.000000000000000000e+00
1.000000000000000000e+00
-1.000000000000000000e+00
-9.999749272765516839e-01
1.000000000000000000e+00
8.233525311121423496e-01
-9.999991622959536475e-01
1.000000000000000000e+00
-9.949204786988126159e-01
7.262866896593258570e-01
1.000000000000000000e+00
1.000000000000000000e+00
1.000000000000000000e+00
1.000000000000000000e+00
1.000000000000000000e+00
1.000000000000000000e+00
1.000000000000000000e+00
-1.000000000000000000e+00
-9.999970121050308913e-01
1.000000000000000000e+00
1.000000000000000000e+00
-1.000000000000000000e+00
1.000000000000000000e+00
-1.000000000000000000e+00
-1.000000000000000000e+00
-9.999999845459428549e-01
-1.000000000000000000e+00
-1.000000000000000000e+00
1.000000000000000000e+00
-1.000000000000000000e+00
-1.000000000000000000e+00
-9.983803963827451167e-01
-1.000000000000000000e+00
-1.000000000000000000e+00
9.865488379369025118e-01
-1.000000000000000000e+00
1.000000000000000000e+00
9.953588028665406595e-01
-9.992933430173677190e-01
1.000000000000000000e+00
1.000000000000000000e+00
1.000000000000000000e+00
-1.000000000000000000e+00
-1.000000000000000000e+00
1.000000000000000000e+00
4.314245502900301288e-01
4.432698026248584333e-01
-1.000000000000000000e+00
-1.000000000000000000e+00
1.000000000000000000e+00
-1.000000000000000000e+00
1.000000000000000000e+00
1.000000000000000000e+00
9.942450157034269376e-01
-7.062869752258755796e-01
9.347065993903983516e-01
9.999999716096946711e-01
-1.000000000000000000e+00
-1.000000000000000000e+00
1.000000000000000000e+00
9.999987136098900109e-01
7.336151383988954722e-01
-1.000000000000000000e+00
1.000000000000000000e+00
9.560479312688581199e-01
-1.000000000000000000e+00
1.000000000000000000e+00
9.894663535021754885e-01
1.000000000000000000e+00
-1.000000000000000000e+00
1.000000000000000000e+00
-9.998220137316849998e-01
9.983383459154200334e-01
-1.000000000000000000e+00
-1.000000000000000000e+00
1.000000000000000000e+00
7.287041823979930610e-01
-1.000000000000000000e+00
-9.999999944115290917e-01
9.925828129523268650e-01
1.000000000000000000e+00
-7.877145118936685897e-01
1.000000000000000000e+00
1.000000000000000000e+00
1.000000000000000000e+00
1.000000000000000000e+00
-9.999996317660460043e-01
9.535583560496455613e-01
1.000000000000000000e+00
-8.068826383842447880e-01
-1.000000000000000000e+00
1.000000000000000000e+00
9.999369130173448861e-01
-1.000000000000000000e+00
1.000000000000000000e+00
9.888569294357638650e-01
9.954185824751310419e-01
-9.997410019300172479e-01
9.999999998862394435e-01
-1.000000000000000000e+00
-1.000000000000000000e+00
3.128635532464803526e-01
1.000000000000000000e+00
-8.346072976009775157e-01
-1.000000000000000000e+00
-1.000000000000000000e+00
9.784695725819836376e-01
-1.000000000000000000e+00
-1.000000000000000000e+00
-9.999999825507374096e-01
-9.990797952258608783e-01
-1.000000000000000000e+00
-1.000000000000000000e+00
1.000000000000000000e+00
1.000000000000000000e+00
9.919807963885469704e-01
-1.000000000000000000e+00
-3.761535268046610203e-01
-1.000000000000000000e+00
9.999899987704956583e-01
-1.000000000000000000e+00
-1.000000000000000000e+00
-1.000000000000000000e+00
-9.289997875093983781e-01
-9.999999564954779041e-01
9.827783772175788801e-01
1.000000000000000000e+00
-1.000000000000000000e+00
9.999994976665201873e-01
1.000000000000000000e+00
-1.000000000000000000e+00
-9.999999263151032602e-01
9.821069810003445477e-01
-1.000000000000000000e+00
9.479123616325242363e-01
1.000000000000000000e+00
-9.947936290222350042e-01
9.999154316844920398e-01
-9.999999998253162881e-01
-1.000000000000000000e+00
1.000000000000000000e+00
-1.000000000000000000e+00
-1.000000000000000000e+00
-1.000000000000000000e+00
9.997784712352563163e-01
-1.000000000000000000e+00
1.000000000000000000e+00
9.948704703484269052e-01
9.999999825354936034e-01
1.000000000000000000e+00
1.000000000000000000e+00
-1.000000000000000000e+00
1.000000000000000000e+00
1.000000000000000000e+00
1.000000000000000000e+00
9.974398990272661525e-01
-1.000000000000000000e+00
1.000000000000000000e+00
-1.000000000000000000e+00
-1.000000000000000000e+00
1.000000000000000000e+00
9.065896987568022869e-01
1.000000000000000000e+00
-1.000000000000000000e+00
9.999998153396503220e-01
9.724809146151250916e-01
9.653198601326080652e-01
-9.684196783522972529e-01
9.997566444274890163e-01
3.932642161707228246e-01
-9.999426579349212085e-01
-1.000000000000000000e+00
9.996346737263189786e-01
1.000000000000000000e+00
1.000000000000000000e+00
-1.000000000000000000e+00
9.977491120329132768e-01
9.975898457127018171e-01
1.000000000000000000e+00
9.941738316392774166e-01
-1.000000000000000000e+00
9.987368160772005510e-01
-1.000000000000000000e+00
1.000000000000000000e+00
-4.908765538378067061e-01
1.000000000000000000e+00
-1.000000000000000000e+00
1.000000000000000000e+00
-1.000000000000000000e+00
9.999996350061906014e-01
9.999374785199428572e-01
1.000000000000000000e+00
-9.400708554881109791e-01
8.619028328801510153e-01
-9.944081006844606163e-01
-1.000000000000000000e+00
9.999999501785518108e-01
-9.998037089929365795e-01
1.000000000000000000e+00
9.939381315637876302e-01
-1.000000000000000000e+00
9.943564926403046789e-01
9.986196791638319858e-01
-9.033388324830220473e-01
1.000000000000000000e+00
-1.000000000000000000e+00
-1.000000000000000000e+00
-9.831519550651781625e-01
1.000000000000000000e+00
-9.272443604046878285e-01
-1.000000000000000000e+00
9.986434348323040000e-01
-9.997358731011964927e-01
-1.000000000000000000e+00
9.931218160457206956e-01
9.999989731132130633e-01
9.235452629366955879e-01
9.994971314894774972e-01
1.000000000000000000e+00
-1.000000000000000000e+00
-1.000000000000000000e+00
-9.999999768530825062e-01
-1.000000000000000000e+00
1.000000000000000000e+00
-9.569689529811058470e-01
