1.000000000000000000e+00
-9.325792294443834285e-01
-6.220109001443181462e-01
-1.000000000000000000e+00
1.000000000000000000e+00
9.981377697031615925e-01
-9.347212789835006586e-01
-9.953709649541663262e-01
-9.997723748024907042e-01
9.957074448930824939e-01
1.000000000000000000e+00
1.000000000000000000e+00
-1.000000000000000000e+00
1.000000000000000000e+00
-3.146143083540451912e-01
-1.000000000000000000e+00
1.000000000000000000e+00
-1.000000000000000000e+00
-9.987768596179755765e-01
9.995728726593174907e-01
9.740729910598011632e-01
-9.978190907205966020e-01
4.749916413954674010e-01
-1.000000000000000000e+00
1.000000000000000000e+00
-1.000000000000000000e+00
-9.292303467505558245e-01
9.791281343016545735e-01
-9.996967206469304923e-01
-1.000000000000000000e+00
-9.976929627096680075e-01
-1.000000000000000000e+00
-1.000000000000000000e+00
-3.834690338460223780e-01
1.000000000000000000e+00
-9.985072142839732656e-01
9.956707924519377917e-01
9.996451381321750373e-01
1.000000000000000000e+00
-1.000000000000000000e+00
-9.995516881854263902e-01
-8.368034540330964166e-01
9.908777763535226990e-01
-9.999787121738890061e-01
1.000000000000000000e+00
-1.000000000000000000e+00
-1.000000000000000000e+00
-1.000000000000000000e+00
9.991742908438725479e-01
-1.000000000000000000e+00
6.802894068346166945e-01
-9.966250081148414486e-01
1.000000000000000000e+00
1.000000000000000000e+00
8.044462959471382346e-02
-9.967313697278723517e-01
8.941017550590080187e-01
-9.735679162862508340e-01
-7.359851237699910342e-01
-1.000000000000000000e+00
-1.650442233922426172e-01
-3.142941684587464701e-01
-9.882352849093045677e-01
-1.000000000000000000e+00
1.000000000000000000e+00
-1.000000000000000000e+00
-1.000000000000000000e+00
9.999962944483693494e-01
9.996952829223239023e-01
-9.955322687402421433e-01
-8.843979887130570816e-01
7.797455672319043574e-01
9.991950246551782877e-01
-9.490202953995530155e-01
-4.573031724734392123e-01
-1.000000000000000000e+00
-1.000000000000000000e+00
1.000000000000000000e+00
4.539649128015132984e-01
-1.000000000000000000e+00
-1.000000000000000000e+00
-1.000000000000000000e+00
-9.627987051218727110e-01
1.000000000000000000e+00
-9.842185674421258801e-01
8.932256792332835538e-01
-1.000000000000000000e+00
-1.000000000000000000e+00
9.590735048615881553e-01
-9.972141906161215985e-01
-9.939907607721352178e-01
-9.999433374210651149e-01
-2.495304537985273685e-01
-2.316659710118751381e-02
1.000000000000000000e+00
-9.932340589935106934e-01
8.602603737078159396e-01
-9.999212724037922495e-01
8.424881482477257766e-01
-9.988674941676600749e-01
1.000000000000000000e+00
9.999924406592420878e-01
-1.000000000000000000e+00
9.954853770052805029e-01
-1.000000000000000000e+00
-1.000000000000000000e+00
9.998019462544700531e-01
7.540664742893030681e-01
9.505778986584711987e-01
1.000000000000000000e+00
-9.755126461893182110e-01
1.000000000000000000e+00
3.079997943458102072e-01
-9.999065874639158080e-01
-1.000000000000000000e+00
-1.000000000000000000e+00
-1.000000000000000000e+00
9.976126094675860090e-01
-1.000000000000000000e+00
-1.000000000000000000e+00
6.720499462577436134e-01
9.999955373622037014e-01
9.998951437680974053e-01
9.901681123885526237e-01
1.000000000000000000e+00
9.999983534325460610e-01
-9.655452748280901609e-01
-1.000000000000000000e+00
1.000000000000000000e+00
-1.000000000000000000e+00
-9.581222470809040992e-01
-1.000000000000000000e+00
-9.892108064278658519e-01
9.442370048880819322e-01
-1.000000000000000000e+00
-9.769239064292423169e-01
1.000000000000000000e+00
9.922039186978665048e-01
-1.000000000000000000e+00
-9.919452030948473498e-01
1.000000000000000000e+00
-1.000000000000000000e+00
-3.012818929791259981e-01
-9.981620307773508838e-01
-9.998787616569012604e-01
9.999889620693849235e-01
-9.999434443989049237e-01
-9.893751826933838700e-01
-1.000000000000000000e+00
1.000000000000000000e+00
9.826196040626021810e-01
9.991457446366776018e-01
-1.000000000000000000e+00
9.992708463809262254e-01
9.577378572321630923e-01
-9.676177181711725916e-01
-5.529438634716178358e-01
-1.000000000000000000e+00
-1.000000000000000000e+00
-5.536857026418602334e-01
-9.873098074558785964e-01
-8.082609418928285994e-01
9.739038645963712382e-01
1.000000000000000000e+00
1.000000000000000000e+00
-1.000000000000000000e+00
9.611940848737973164e-01
9.688136672322189558e-01
-9.620071978420484671e-01
9.999610353731335222e-01
9.996578314031483448e-01
-9.999688262867245658e-01
-9.992473720909224033e-01
-9.969690577926982877e-01
-1.000000000000000000e+00
1.000000000000000000e+00
-1.000000000000000000e+00
1.000000000000000000e+00
-1.000000000000000000e+00
9.999289693730197826e-01
-3.914890532003293400e-01
-1.000000000000000000e+00
-9.876708973681735948e-01
-9.999040577208176961e-01
-9.321094002237975129e-01
9.999915309156010013e-01
1.621332362940990091e-01
1.000000000000000000e+00
1.000000000000000000e+00
3.641774983226661044e-01
9.999077889110253858e-01
-9.997354271208652721e-01
-9.566851276530459192e-01
-9.997370397877219927e-01
-9.999771526388726572e-01
1.000000000000000000e+00
-9.996668474359483580e-01
9.932472069881804755e-01
9.974723559283489305e-01
1.000000000000000000e+00
-1.000000000000000000e+00
-9.962358381172435884e-01
-1.000000000000000000e+00
-9.947883507528363367e-01
-9.994928505911693239e-01
-1.000000000000000000e+00
9.681567829463941788e-01
-1.000000000000000000e+00
-9.991625403130623972e-01
-2.111659918251431733e-01
-8.641004654502848492e-01
-9.998408123546251858e-01
-7.674443139426828653e-01
-9.986108174918451041e-01
9.791032758089641685e-01
5.231550113795732093e-01
9.997226453273097002e-01
1.000000000000000000e+00
9.439456611592146329e-01
1.000000000000000000e+00
-9.998015195151715995e-01
-1.000000000000000000e+00
9.999831993368489824e-01
-1.000000000000000000e+00
9.999866948362072794e-01
-9.913188749261088173e-01
-9.589615475071249229e-01
8.856532547143523004e-01
-1.000000000000000000e+00
9.998802282330555569e-01
-7.300770557931479665e-01
9.963507171980666710e-01
9.999745117389737814e-01
8.644840905551620658e-02
-9.727887540805679745e-01
-1.000000000000000000e+00
-9.942688855467712861e-01
1.000000000000000000e+00
9.999483379628847368e-01
1.000000000000000000e+00
-9.999989336056570588e-01
-4.195223370642792160e-01
-9.996917217843479531e-01
9.989921962068415429e-01
1.000000000000000000e+00
-9.997101557300245300e-01
1.000000000000000000e+00
1.000000000000000000e+00
9.980201780480151275e-01
9.909070702000115638e-01
-1.000000000000000000e+00
9.527393351658612897e-01
-9.981551084566550047e-01
1.000000000000000000e+00
1.000000000000000000e+00
-9.999964727370280748e-01
1.000000000000000000e+00
-9.998202953651520453e-01
1.000000000000000000e+00
1.000000000000000000e+00
-1.000000000000000000e+00
-1.000000000000000000e+00
9.751102103924316200e-01
1.000000000000000000e+00
1.000000000000000000e+00
