5.912597739884120074e-01
-6.800000000000000488e-01
-1.000000000000000000e+00
2.774519464038923688e-01
-6.898855658214346764e-01
-7.267878111181962364e-01
1.000000000000000000e+00
1.000000000000000000e+00
-1.000000000000000000e+00
-9.087342671270504102e-01
7.000659027045643690e-01
-1.000000000000000000e+00
1.000000000000000000e+00
-5.113518030542584247e-01
-1.000000000000000000e+00
1.000000000000000000e+00
1.000000000000000000e+00
1.000000000000000000e+00
-1.000000000000000000e+00
6.148679771566185615e-01
9.772451450239071358e-01
9.625537784861247781e-01
1.000000000000000000e+00
-7.148615213379296840e-01
-1.000000000000000000e+00
-9.452859508680918621e-01
-9.999858339159101162e-01
1.000000000000000000e+00
4.362879224972662784e-01
1.000000000000000000e+00
-1.000000000000000000e+00
-1.000000000000000000e+00
9.173256116264323357e-01
7.742643757215776912e-01
8.307613004595959527e-01
1.000000000000000000e+00
1.000000000000000000e+00
-8.038570915752014656e-01
-6.805031717363707600e-01
9.999999999997841726e-01
3.364998534369607192e-02
-9.713493178685379537e-01
1.000000000000000000e+00
-1.000000000000000000e+00
-7.279708541882552453e-01
1.000000000000000000e+00
9.477774185856517875e-01
-1.000000000000000000e+00
1.000000000000000000e+00
9.999949338476517013e-01
1.000000000000000000e+00
1.000000000000000000e+00
-1.000000000000000000e+00
1.000000000000000000e+00
4.766533958204331456e-01
-8.475075556475131222e-01
9.818334149017204915e-01
-7.970430272632921254e-01
-6.223514197935500203e-01
-5.254824928472525691e-01
-1.000000000000000000e+00
-9.286148137514590450e-01
-1.000000000000000000e+00
7.195218481043994530e-01
9.900293490098946991e-01
-1.000000000000000000e+00
1.000000000000000000e+00
9.999999882094083858e-01
-7.826306608999068493e-01
3.662731332853237376e-01
-1.000000000000000000e+00
1.000000000000000000e+00
-1.000000000000000000e+00
1.188639472659664548e-01
9.157279411624249521e-01
-7.595256009044768497e-01
-1.000000000000000000e+00
-5.354748281508697749e-01
-1.000000000000000000e+00
8.772761009200131799e-01
1.000000000000000000e+00
1.000000000000000000e+00
1.000000000000000000e+00
8.923749425363409760e-01
-9.999999999996362909e-01
-1.000000000000000000e+00
-9.972514018078241227e-01
3.289868766609965745e-01
-1.000000000000000000e+00
1.000000000000000000e+00
-7.291216361342802710e-01
1.000000000000000000e+00
1.000000000000000000e+00
-8.570098522273097430e-01
-4.807542910047935547e-01
5.919699345695574877e-01
-1.000000000000000000e+00
-1.000000000000000000e+00
-9.999993158281975658e-01
-1.000000000000000000e+00
5.101366014334357546e-01
-1.000000000000000000e+00
-1.000000000000000000e+00
-9.999999996453170503e-01
-7.745569773497800181e-01
-9.999999999620095004e-01
1.000000000000000000e+00
-1.000000000000000000e+00
1.000000000000000000e+00
7.939765275945371847e-01
-9.999999976115583333e-01
-9.209534854383047975e-01
4.588488322742040326e-01
-3.000908700974364018e-01
-3.668126637997357609e-01
-9.999999990627032043e-01
3.761546740256664356e-01
7.899716410805380784e-01
-9.999999644784144381e-01
-3.711258394656014037e-01
8.295078312026180622e-01
1.000000000000000000e+00
-1.000000000000000000e+00
-9.999999016759921755e-01
3.891931700966533847e-01
6.946726146677364433e-01
1.000000000000000000e+00
-1.000000000000000000e+00
-9.934642649093224920e-01
1.000000000000000000e+00
1.000000000000000000e+00
-1.000000000000000000e+00
1.000000000000000000e+00
1.000000000000000000e+00
-1.000000000000000000e+00
-9.999999999936747264e-01
-5.894640729791518208e-01
1.000000000000000000e+00
1.000000000000000000e+00
1.000000000000000000e+00
-9.620044310242495955e-01
9.999999936885035634e-01
-1.000000000000000000e+00
-1.000000000000000000e+00
-1.000000000000000000e+00
1.000000000000000000e+00
1.000000000000000000e+00
-7.641664573705611030e-01
-1.000000000000000000e+00
-1.000000000000000000e+00
-1.000000000000000000e+00
1.000000000000000000e+00
1.000000000000000000e+00
1.000000000000000000e+00
-3.213495047907825031e-01
-6.734099019022306010e-01
8.469600668374598351e-01
-2.349975195699263164e-01
9.999999999999247269e-01
-1.000000000000000000e+00
-1.000000000000000000e+00
-7.854644362145145609e-01
-1.000000000000000000e+00
5.458809392096408697e-01
-7.882591494824184308e-02
-8.964050512665071579e-01
-9.755744730883418869e-01
-1.000000000000000000e+00
1.000000000000000000e+00
1.000000000000000000e+00
-6.677140056080997921e-01
8.186209227542907696e-01
-3.130653423989879780e-01
-9.999999841015010382e-01
8.642488598223490026e-01
1.000000000000000000e+00
9.999999990489742974e-01
9.999999999990333288e-01
9.047910851961732392e-01
-9.999999975752379422e-01
-1.000000000000000000e+00
9.999874573066978023e-01
-1.000000000000000000e+00
9.997819729088668339e-01
1.000000000000000000e+00
1.000000000000000000e+00
1.000000000000000000e+00
7.998336046192676685e-01
-8.445091194519085409e-01
1.000000000000000000e+00
-1.000000000000000000e+00
1.000000000000000000e+00
-8.798835291594572228e-01
7.923317233558710981e-01
-9.272113219991791055e-01
1.000000000000000000e+00
9.199364055829947207e-01
1.000000000000000000e+00
9.952469127891629963e-01
2.883874107048071123e-01
-1.000000000000000000e+00
1.000000000000000000e+00
1.000000000000000000e+00
-9.999984920226946405e-01
1.000000000000000000e+00
1.000000000000000000e+00
-1.000000000000000000e+00
1.000000000000000000e+00
-1.208779788744625827e-01
4.961290946682076486e-01
-1.000000000000000000e+00
-1.000000000000000000e+00
1.000000000000000000e+00
1.000000000000000000e+00
9.999998625308774702e-01
-5.171394840027211393e-01
7.653095919858499130e-01
1.000000000000000000e+00
-9.666305642490643502e-01
-1.000000000000000000e+00
8.440056556183430647e-01
1.000000000000000000e+00
-1.000000000000000000e+00
-1.000000000000000000e+00
1.000000000000000000e+00
-1.935050794511821159e-01
7.959988925301072493e-01
-1.000000000000000000e+00
1.000000000000000000e+00
-2.808848317112269122e-01
-9.998823274486635659e-01
-1.000000000000000000e+00
4.312691217630005847e-01
-2.166627148931359326e-01
-1.000000000000000000e+00
-9.999966177804635592e-01
-9.999873424397205390e-01
-5.930556984101289508e-01
9.998296116994822569e-01
1.000000000000000000e+00
-1.000000000000000000e+00
9.567456672548494412e-01
2.668417799230964338e-01
4.116933702514747884e-01
1.000000000000000000e+00
6.331718805009315387e-01
8.374841718959327164e-01
1.000000000000000000e+00
4.946698833685412300e-01
1.000000000000000000e+00
-7.927030271641390957e-01
-1.000000000000000000e+00
1.000000000000000000e+00
8.790671274533625734e-01
-1.000000000000000000e+00
6.875476535726454674e-01
-1.000000000000000000e+00
9.999999999950118790e-01
1.000000000000000000e+00
7.393338811126228816e-01
-1.000000000000000000e+00
2.097147494465127771e-01
-5.155541209082739051e-01
1.000000000000000000e+00
8.222099394799022021e-02
