5.277054600064966516e-01
9.171069402768963208e-01
-1.000000000000000000e+00
4.573507239314302808e-01
9.999609683026757789e-01
9.788400257072754629e-01
-9.803505567290569100e-01
-1.000000000000000000e+00
-9.741310417553136203e-01
8.457423029201149856e-01
1.000000000000000000e+00
-1.000000000000000000e+00
1.000000000000000000e+00
1.000000000000000000e+00
-1.000000000000000000e+00
9.937041820115610768e-01
-8.700059295948234794e-01
1.000000000000000000e+00
9.913601874296518179e-01
-9.719443072746254408e-01
-6.772621022990350514e-01
-1.000000000000000000e+00
-7.650860006497339771e-01
-1.000000000000000000e+00
9.897849976994559373e-01
-9.525497673400697973e-01
1.000000000000000000e+00
-6.507910159218440738e-01
-1.000000000000000000e+00
9.955286046843992986e-01
1.000000000000000000e+00
1.000000000000000000e+00
3.159579433658096237e-01
-9.999999648542798880e-01
7.564104264927096200e-01
-1.000000000000000000e+00
-1.000000000000000000e+00
-1.000000000000000000e+00
-1.000000000000000000e+00
-1.000000000000000000e+00
9.852038788864182495e-01
-1.000000000000000000e+00
1.064268454518221690e-01
-1.000000000000000000e+00
-8.298922405032900240e-01
-5.491358012914608899e-01
-9.999990854755693714e-01
-1.000000000000000000e+00
9.750323138733506534e-01
-1.000000000000000000e+00
1.000000000000000000e+00
-1.000000000000000000e+00
-1.000000000000000000e+00
1.000000000000000000e+00
9.832044108041371189e-01
-1.000000000000000000e+00
1.000000000000000000e+00
6.157621857736463866e-01
1.000000000000000000e+00
-9.818910406001682967e-01
9.192267407123249079e-01
-9.999999999999978906e-01
1.000000000000000000e+00
-9.648660255440729694e-01
2.647378047040263582e-01
-1.000000000000000000e+00
-6.801472084989117484e-01
9.882932674279198970e-01
-1.000000000000000000e+00
9.994012399611904574e-01
-1.000000000000000000e+00
9.992790823656592103e-01
1.000000000000000000e+00
-9.817040692062795060e-01
-1.000000000000000000e+00
7.022660787653998149e-01
9.136737348779671031e-01
9.962377145135014045e-01
9.921402259093259346e-01
-9.860736594749681672e-01
8.669487592332879577e-01
-1.000000000000000000e+00
1.000000000000000000e+00
1.000000000000000000e+00
-1.000000000000000000e+00
-6.000000000000000888e-01
-9.991044253786890428e-01
-1.985082540650112692e-01
-3.436452344579560281e-01
-9.643496099106027009e-01
3.103170374371514439e-01
1.000000000000000000e+00
1.000000000000000000e+00
-1.000000000000000000e+00
-1.000000000000000000e+00
7.196357998294716785e-01
-1.000000000000000000e+00
-9.325907281671415028e-01
-1.000000000000000000e+00
1.000000000000000000e+00
-3.715755468901215108e-01
-1.000000000000000000e+00
-2.128635852602973888e-01
-9.865805151306845655e-01
8.710009471317821106e-01
9.999845700096783307e-01
1.000000000000000000e+00
-1.000000000000000000e+00
-9.991975275126850908e-01
-1.000000000000000000e+00
5.079032789959498917e-01
-1.000000000000000000e+00
1.000000000000000000e+00
-9.607385435525831463e-01
9.976717347303287742e-01
9.801054745780160005e-01
1.000000000000000000e+00
-9.983807056155011850e-01
-6.365321963851517939e-01
-2.561093165474737643e-01
1.000000000000000000e+00
-1.000000000000000000e+00
1.000000000000000000e+00
6.052363331189517526e-01
9.998052649562820804e-01
9.042277715471599420e-01
-1.000000000000000000e+00
-8.063438362934396419e-01
-1.000000000000000000e+00
8.581484606931850667e-01
-1.000000000000000000e+00
-3.096068315252089032e-01
9.814912350819809950e-01
1.000000000000000000e+00
1.000000000000000000e+00
-1.000000000000000000e+00
1.000000000000000000e+00
-1.000000000000000000e+00
1.000000000000000000e+00
-1.000000000000000000e+00
-1.000000000000000000e+00
-7.496610382179459409e-01
-1.000000000000000000e+00
-1.000000000000000000e+00
-9.705181361760286674e-01
9.963237980354692214e-01
1.000000000000000000e+00
1.000000000000000000e+00
9.993363601296516574e-01
1.000000000000000000e+00
-1.000000000000000000e+00
6.773194744922736987e-01
1.000000000000000000e+00
9.422731025002872851e-01
-1.000000000000000000e+00
8.409132538024477466e-01
1.000000000000000000e+00
8.151282762198792664e-01
1.000000000000000000e+00
1.000000000000000000e+00
-9.443500536266835610e-01
1.000000000000000000e+00
-1.000000000000000000e+00
-1.000000000000000000e+00
1.000000000000000000e+00
-1.000000000000000000e+00
1.000000000000000000e+00
-1.000000000000000000e+00
1.000000000000000000e+00
1.000000000000000000e+00
1.000000000000000000e+00
-1.000000000000000000e+00
1.000000000000000000e+00
-1.000000000000000000e+00
9.101425915749137285e-01
1.000000000000000000e+00
1.000000000000000000e+00
-1.000000000000000000e+00
6.824614973920172245e-01
4.308170149292837037e-01
1.000000000000000000e+00
-1.000000000000000000e+00
1.000000000000000000e+00
-1.000000000000000000e+00
1.000000000000000000e+00
-6.347862537448477616e-01
-1.000000000000000000e+00
-9.888664118396541802e-01
-5.225118922588225523e-01
-1.000000000000000000e+00
9.450591205769161007e-01
-1.000000000000000000e+00
9.963500756377181578e-01
-9.962889282000088054e-01
1.000000000000000000e+00
3.167097670470040982e-01
9.846115340746035560e-01
7.177946303701563391e-01
1.000000000000000000e+00
1.000000000000000000e+00
1.000000000000000000e+00
1.000000000000000000e+00
9.996958708134496829e-01
1.000000000000000000e+00
-9.237066349426490408e-01
9.905852407489978972e-01
-9.964499380368053716e-01
1.000000000000000000e+00
9.880415649620998275e-01
-7.103160343317430625e-01
-1.000000000000000000e+00
1.000000000000000000e+00
1.000000000000000000e+00
9.978888621558340555e-01
-9.419703811448507658e-01
-1.000000000000000000e+00
-9.807382870248643192e-01
-1.000000000000000000e+00
1.000000000000000000e+00
4.816602279742007164e-01
9.999999998128675793e-01
-1.000000000000000000e+00
1.000000000000000000e+00
1.000000000000000000e+00
9.991134053630592593e-01
9.205389400582542070e-01
1.000000000000000000e+00
8.830189053494622575e-01
-7.734354345294691679e-01
9.981451775458082265e-01
-9.445815293292521009e-01
-1.000000000000000000e+00
9.186924160651117610e-01
1.000000000000000000e+00
-4.557142412831608480e-01
-1.000000000000000000e+00
9.969556600677967895e-01
1.000000000000000000e+00
1.000000000000000000e+00
1.000000000000000000e+00
-1.000000000000000000e+00
-1.000000000000000000e+00
8.711802816121582138e-01
-7.130474986939154824e-01
9.973133405205523161e-01
1.000000000000000000e+00
-9.985432953371266018e-01
-1.000000000000000000e+00
-9.644996718180254280e-01
9.796378356370778473e-01
1.000000000000000000e+00
1.000000000000000000e+00
-6.741827713220815976e-01
1.000000000000000000e+00
6.789450024164871422e-01
2.925653516163217449e-01
-9.994183010905179909e-01
1.000000000000000000e+00
1.000000000000000000e+00
-9.999999999977089438e-01
-1.000000000000000000e+00
1.997188551815309854e-02
-9.950568114205088355e-01
-9.772485268064161623e-01
9.610082173838911945e-01
