-1.000000000000000000e+00
8.073774475846337007e-01
9.028052182401783421e-01
-1.000000000000000000e+00
-9.993248006690661489e-01
9.972552182877596483e-01
-1.000000000000000000e+00
9.495443820444032790e-01
1.000000000000000000e+00
1.000000000000000000e+00
-1.000000000000000000e+00
1.000000000000000000e+00
9.993226594800015405e-01
4.930535202778259518e-01
9.952574934127310646e-01
-1.000000000000000000e+00
-9.975020615533536361e-01
-1.000000000000000000e+00
-1.581006599107140642e-01
1.125193271487001934e-01
1.000000000000000000e+00
-9.069657942633176928e-01
-1.000000000000000000e+00
-1.000000000000000000e+00
1.000000000000000000e+00
1.000000000000000000e+00
1.000000000000000000e+00
-1.000000000000000000e+00
-1.000000000000000000e+00
-9.930771550233957745e-01
1.000000000000000000e+00
3.620861714872653514e-01
6.405597267986936627e-01
1.000000000000000000e+00
-9.989181078471762731e-01
9.778230173127682168e-01
1.000000000000000000e+00
9.982723201041332484e-01
1.000000000000000000e+00
1.000000000000000000e+00
-9.975693269598445712e-01
-9.775227276346488692e-01
-2.051140301301574709e-01
9.917912281191013646e-01
-1.000000000000000000e+00
1.000000000000000000e+00
-1.000000000000000000e+00
9.258877774410627648e-01
9.344621467977034523e-01
1.000000000000000000e+00
1.000000000000000000e+00
-9.524749845681204086e-01
9.257913962519543905e-01
-6.791435802743994721e-01
9.990538020251695794e-01
-9.992281838182155429e-01
-7.851353370851666957e-01
4.788096419512542778e-02
9.309658864697777370e-01
5.793117269350176457e-01
-3.092690186231861760e-01
-1.000000000000000000e+00
-1.000000000000000000e+00
-9.907928543022169743e-01
-1.000000000000000000e+00
1.000000000000000000e+00
-6.878969532645051732e-01
-1.000000000000000000e+00
1.000000000000000000e+00
1.000000000000000000e+00
9.981875900749987984e-01
1.000000000000000000e+00
9.818305060091968572e-01
-7.962335454552015301e-01
-5.507406159929091327e-01
9.999518343481141880e-01
1.000000000000000000e+00
-1.997861523464886657e-01
-9.998300784103437699e-01
1.000000000000000000e+00
1.000000000000000000e+00
-9.756375854639214307e-01
-1.000000000000000000e+00
1.000000000000000000e+00
-1.000000000000000000e+00
1.000000000000000000e+00
-1.000000000000000000e+00
1.000000000000000000e+00
9.992133581111823926e-01
9.860635511181280455e-01
-1.000000000000000000e+00
-9.993006590162909486e-01
-1.000000000000000000e+00
1.000000000000000000e+00
9.894752309558449976e-01
6.000000000000000888e-01
1.000000000000000000e+00
-9.733756169502574274e-01
-2.463731511006638508e-01
-1.000000000000000000e+00
-9.348186318146700646e-01
1.000000000000000000e+00
-9.988324618678565692e-01
9.788851888458245387e-01
-1.000000000000000000e+00
-1.000000000000000000e+00
-1.000000000000000000e+00
1.000000000000000000e+00
1.000000000000000000e+00
-1.000000000000000000e+00
1.000000000000000000e+00
-1.000000000000000000e+00
9.438287909081325422e-01
9.990605113442694307e-01
-9.997842215086631956e-01
9.999977752155431165e-01
9.837154815313600142e-01
-9.995617676066435031e-01
-9.919829281618649519e-01
-1.000000000000000000e+00
-1.000000000000000000e+00
-9.992558912449771569e-01
-8.512659055205371583e-01
-1.000000000000000000e+00
-1.000000000000000000e+00
1.000000000000000000e+00
-1.000000000000000000e+00
-1.000000000000000000e+00
1.000000000000000000e+00
1.000000000000000000e+00
8.497231402801478373e-01
-9.366462046794715723e-01
1.000000000000000000e+00
-1.000000000000000000e+00
-8.484394449891691226e-01
-9.946090485924050650e-01
9.927189593105849585e-01
-9.998870905167356327e-01
1.000000000000000000e+00
9.911288198379016867e-01
1.000000000000000000e+00
9.553769725872233165e-01
1.000000000000000000e+00
9.332723392741085755e-01
1.000000000000000000e+00
-1.000000000000000000e+00
9.622560754333235877e-01
-9.765646698958525551e-01
-1.000000000000000000e+00
-1.000000000000000000e+00
-1.000000000000000000e+00
9.874079914271766123e-01
9.706948570608051607e-01
-9.463170689466908758e-01
1.000000000000000000e+00
9.934962438533020412e-01
-8.504546774541141829e-01
-8.684537896364619147e-01
9.999982842671202299e-01
-9.837776663380384257e-01
-9.919290402577924937e-01
-9.551187622696053481e-01
-1.000000000000000000e+00
-1.000000000000000000e+00
-9.939898853555602098e-01
1.000000000000000000e+00
9.986970996305775117e-01
1.000000000000000000e+00
9.364663729760426270e-01
-8.253931146187332146e-01
1.000000000000000000e+00
9.999108572669885842e-01
-3.452695561299883309e-01
1.000000000000000000e+00
-1.000000000000000000e+00
2.009783426784667038e-01
-1.000000000000000000e+00
9.908298317827987090e-01
-1.000000000000000000e+00
7.945694347651723888e-01
1.000000000000000000e+00
9.605704025384953493e-01
1.000000000000000000e+00
-1.000000000000000000e+00
9.676040871138661403e-01
9.841348675020195058e-01
-1.000000000000000000e+00
9.878517279195524470e-01
6.653238657322317895e-01
-1.000000000000000000e+00
-9.999981882758544049e-01
-1.000000000000000000e+00
-9.678835084561208113e-01
8.858228987840599533e-01
6.097389749021171479e-01
9.002933184695198765e-01
1.000000000000000000e+00
-9.886006390605018845e-01
-1.000000000000000000e+00
-1.000000000000000000e+00
-7.957549312840853650e-01
-1.000000000000000000e+00
2.901576894955119543e-02
-9.851723624848540695e-01
-9.624226711346891561e-01
1.000000000000000000e+00
-6.698652645088224444e-01
1.864077494661200152e-01
-9.847205607417216511e-01
-9.965612567436946678e-01
-6.715928923678006202e-01
-8.863654729959986600e-01
-1.000000000000000000e+00
1.000000000000000000e+00
9.997675735375386452e-01
-1.000000000000000000e+00
-6.609337297545221368e-01
1.000000000000000000e+00
-9.773986506901194415e-01
9.997207381464493503e-01
7.176212751302716297e-01
-9.881154133528858852e-01
1.000000000000000000e+00
-9.922598903073577281e-01
9.396604209421857146e-01
-1.000000000000000000e+00
-1.000000000000000000e+00
9.990878844447999008e-01
1.000000000000000000e+00
1.000000000000000000e+00
9.482768724659245141e-01
-1.000000000000000000e+00
-8.708461788152642713e-01
9.964625504298809666e-01
9.958787923780973994e-01
-8.756437097396968516e-01
-9.928908336019405256e-01
9.712865729057221786e-01
-9.994021594389821406e-01
-8.497458651510126915e-01
1.000000000000000000e+00
3.278928719642402179e-01
1.000000000000000000e+00
-9.800630682915362213e-01
1.000000000000000000e+00
1.000000000000000000e+00
-1.000000000000000000e+00
-1.000000000000000000e+00
-1.000000000000000000e+00
8.951356054271563112e-01
-9.329535596080505977e-01
9.908490076731704121e-01
-9.803968549103214691e-02
9.987104178367300911e-01
-9.998134086965416722e-01
-9.989295102394534220e-01
9.995240553652806614e-01
7.999565121698339887e-01
1.000000000000000000e+00
-1.000000000000000000e+00
-9.038305920207160282e-01
9.653091304713140586e-01
1.000000000000000000e+00
1.000000000000000000e+00
9.996917338368728201e-01
