-1.000000000000000000e+00
-9.866288434588141865e-01
1.000000000000000000e+00
-9.999999999854141119e-01
-9.999999941121557878e-01
1.000000000000000000e+00
-1.000000000000000000e+00
-1.000000000000000000e+00
-1.000000000000000000e+00
9.999442931411759439e-01
-1.000000000000000000e+00
-1.000000000000000000e+00
9.999980134106141172e-01
1.000000000000000000e+00
1.000000000000000000e+00
1.000000000000000000e+00
-9.938267485120382272e-01
-9.999997905093714889e-01
9.986411460866628786e-01
1.000000000000000000e+00
1.000000000000000000e+00
-1.000000000000000000e+00
9.998801414075180194e-01
1.000000000000000000e+00
1.000000000000000000e+00
-9.999266389520116149e-01
1.000000000000000000e+00
-1.000000000000000000e+00
1.000000000000000000e+00
1.000000000000000000e+00
1.000000000000000000e+00
-1.000000000000000000e+00
-1.000000000000000000e+00
-9.719737762950322324e-01
-9.999989254127461535e-01
1.000000000000000000e+00
1.000000000000000000e+00
-9.999999998998235773e-01
-9.999930322723320497e-01
1.000000000000000000e+00
-9.999999998534927492e-01
9.999767606038455492e-01
-1.000000000000000000e+00
1.000000000000000000e+00
1.000000000000000000e+00
1.000000000000000000e+00
-9.882528299487072232e-01
-9.856570415671461749e-01
-8.227443054345735529e-01
-1.000000000000000000e+00
9.966342885273979935e-01
9.999999903314045202e-01
-9.636142434540972967e-01
-1.000000000000000000e+00
-1.000000000000000000e+00
-1.000000000000000000e+00
9.999999962994590152e-01
1.000000000000000000e+00
-1.000000000000000000e+00
-1.000000000000000000e+00
9.986038952480279507e-01
-1.000000000000000000e+00
1.000000000000000000e+00
1.000000000000000000e+00
1.000000000000000000e+00
9.999999989556246360e-01
-9.996260184076055655e-01
1.000000000000000000e+00
-1.000000000000000000e+00
1.000000000000000000e+00
-1.000000000000000000e+00
9.429380473111893535e-01
-1.000000000000000000e+00
-1.000000000000000000e+00
9.847273931207761732e-01
1.000000000000000000e+00
-1.000000000000000000e+00
9.811548833440911777e-01
1.000000000000000000e+00
1.000000000000000000e+00
-1.000000000000000000e+00
-1.000000000000000000e+00
-9.999999320244927770e-01
7.948018573322368496e-01
9.995674322415021296e-01
1.000000000000000000e+00
9.991413462701391746e-01
1.000000000000000000e+00
9.999998908801170927e-01
-1.000000000000000000e+00
-1.000000000000000000e+00
1.000000000000000000e+00
9.999995364850271518e-01
-1.000000000000000000e+00
9.998611631666520783e-01
9.999980656149730640e-01
-1.000000000000000000e+00
-1.000000000000000000e+00
1.000000000000000000e+00
9.999967683108704763e-01
1.000000000000000000e+00
-9.784348356992702556e-01
-1.000000000000000000e+00
1.000000000000000000e+00
9.999999999955584418e-01
-1.000000000000000000e+00
8.183231970370323793e-01
-1.000000000000000000e+00
9.948788387401198419e-01
-1.000000000000000000e+00
-1.000000000000000000e+00
-9.999997802535829372e-01
-1.000000000000000000e+00
-7.411052589898345921e-01
9.897863664896058289e-01
1.000000000000000000e+00
1.000000000000000000e+00
-1.000000000000000000e+00
-1.000000000000000000e+00
-1.000000000000000000e+00
9.938357250991440850e-01
1.000000000000000000e+00
-1.000000000000000000e+00
-1.000000000000000000e+00
-1.000000000000000000e+00
-8.947150722217674934e-01
-1.000000000000000000e+00
-9.999999709819604732e-01
-1.000000000000000000e+00
-9.999971981949562494e-01
1.000000000000000000e+00
-9.970832970735489242e-01
1.000000000000000000e+00
1.000000000000000000e+00
9.999999998197303119e-01
8.620659137589703480e-01
9.984196488460385099e-01
1.000000000000000000e+00
-9.342255975045762328e-01
9.999999999837697606e-01
1.000000000000000000e+00
1.000000000000000000e+00
-9.999869206569721447e-01
1.000000000000000000e+00
9.999937622314316599e-01
-1.000000000000000000e+00
-1.000000000000000000e+00
-9.999999993998579528e-01
9.993345135547343494e-01
-9.994065501393185613e-01
-9.999912261347388975e-01
-1.000000000000000000e+00
-9.999999192660429248e-01
1.000000000000000000e+00
-1.000000000000000000e+00
1.000000000000000000e+00
-1.000000000000000000e+00
-1.000000000000000000e+00
-9.999999646068528092e-01
1.000000000000000000e+00
1.000000000000000000e+00
-9.999958906364354583e-01
-9.999999827908692129e-01
1.000000000000000000e+00
-1.000000000000000000e+00
-9.999999889694373145e-01
-9.823155631309025138e-01
-9.288597468187003159e-01
1.000000000000000000e+00
9.999999441318259130e-01
-9.987904262462863336e-01
-1.000000000000000000e+00
-1.000000000000000000e+00
8.917766607461160566e-01
-1.000000000000000000e+00
-1.000000000000000000e+00
9.999999963946384351e-01
1.000000000000000000e+00
-1.000000000000000000e+00
1.000000000000000000e+00
9.999974651982750373e-01
-1.000000000000000000e+00
-1.000000000000000000e+00
1.000000000000000000e+00
-9.992493107518578555e-01
-1.000000000000000000e+00
-1.000000000000000000e+00
1.000000000000000000e+00
1.000000000000000000e+00
1.000000000000000000e+00
-9.999999596615065656e-01
9.997500515909998331e-01
-1.000000000000000000e+00
-1.000000000000000000e+00
1.000000000000000000e+00
9.999999606047380585e-01
1.000000000000000000e+00
-1.000000000000000000e+00
8.870715610405515150e-01
1.000000000000000000e+00
1.000000000000000000e+00
-8.663498441709989173e-01
9.999995399236808469e-01
-1.000000000000000000e+00
1.000000000000000000e+00
1.000000000000000000e+00
-1.000000000000000000e+00
1.000000000000000000e+00
1.000000000000000000e+00
1.000000000000000000e+00
-1.000000000000000000e+00
-9.999999982502890683e-01
1.000000000000000000e+00
9.990607061600949024e-01
-9.999821972566971251e-01
-9.998413515417865494e-01
6.005667830059844281e-01
9.999999999254742811e-01
-9.861996919844026044e-01
1.000000000000000000e+00
9.996706270894559765e-01
-9.999999999939940265e-01
-8.164289234733173029e-01
9.996840943572682381e-01
-9.999999702528794554e-01
-9.998506624500671514e-01
-9.999911504427333453e-01
6.107517599365533956e-01
1.000000000000000000e+00
-9.999981372068051932e-01
1.000000000000000000e+00
9.998896948646127658e-01
-9.928744716499320333e-01
1.000000000000000000e+00
1.000000000000000000e+00
-1.000000000000000000e+00
-1.000000000000000000e+00
-7.536245880701036848e-01
-1.000000000000000000e+00
1.000000000000000000e+00
8.492210560249127127e-01
1.000000000000000000e+00
9.975200911764494638e-01
9.999997653445505952e-01
1.000000000000000000e+00
1.000000000000000000e+00
9.999575179658679591e-01
-1.000000000000000000e+00
9.831264092989532299e-01
9.007996046284305613e-01
-9.999825972343865388e-01
-1.000000000000000000e+00
9.999988458774262678e-01
-9.999999902143907882e-01
-1.000000000000000000e+00
1.000000000000000000e+00
1.000000000000000000e+00
-9.999999604186214919e-01
9.998355648512370353e-01
1.000000000000000000e+00
-9.925543310396622854e-01
-1.000000000000000000e+00
1.000000000000000000e+00
9.990167188289413858e-01
-1.000000000000000000e+00
