1.000000000000000000e+00
-9.997038115324275998e-01
-1.000000000000000000e+00
1.000000000000000000e+00
9.999891468173693898e-01
1.000000000000000000e+00
1.000000000000000000e+00
1.000000000000000000e+00
-1.000000000000000000e+00
1.000000000000000000e+00
-1.000000000000000000e+00
1.000000000000000000e+00
1.000000000000000000e+00
1.000000000000000000e+00
-9.999807452401576757e-01
-1.000000000000000000e+00
1.000000000000000000e+00
-9.916879554888708981e-01
1.000000000000000000e+00
1.000000000000000000e+00
-1.000000000000000000e+00
1.000000000000000000e+00
-1.000000000000000000e+00
1.000000000000000000e+00
-1.000000000000000000e+00
1.000000000000000000e+00
1.000000000000000000e+00
9.983878149202414232e-01
1.000000000000000000e+00
-1.000000000000000000e+00
-9.914930008822731011e-01
1.000000000000000000e+00
1.000000000000000000e+00
1.000000000000000000e+00
1.000000000000000000e+00
-1.000000000000000000e+00
-1.000000000000000000e+00
1.000000000000000000e+00
9.997331550971202407e-01
1.000000000000000000e+00
1.000000000000000000e+00
-1.000000000000000000e+00
-9.946882635471744338e-01
1.000000000000000000e+00
1.000000000000000000e+00
1.000000000000000000e+00
-9.997424978398675721e-01
-1.000000000000000000e+00
1.000000000000000000e+00
1.000000000000000000e+00
1.000000000000000000e+00
-9.990386430882625124e-01
1.000000000000000000e+00
-1.000000000000000000e+00
-1.000000000000000000e+00
1.000000000000000000e+00
-1.000000000000000000e+00
1.000000000000000000e+00
-1.000000000000000000e+00
1.000000000000000000e+00
1.000000000000000000e+00
1.000000000000000000e+00
-1.000000000000000000e+00
1.000000000000000000e+00
9.999626254976853312e-01
1.000000000000000000e+00
-1.000000000000000000e+00
-1.000000000000000000e+00
9.999999999943487428e-01
-9.995944714312668955e-01
1.000000000000000000e+00
-1.000000000000000000e+00
-9.998904670472377187e-01
1.000000000000000000e+00
9.998675519859878680e-01
-1.000000000000000000e+00
-1.000000000000000000e+00
9.999999563609032194e-01
1.000000000000000000e+00
1.000000000000000000e+00
1.000000000000000000e+00
1.000000000000000000e+00
1.000000000000000000e+00
1.000000000000000000e+00
1.000000000000000000e+00
1.000000000000000000e+00
1.000000000000000000e+00
-9.990329777195183780e-01
-1.000000000000000000e+00
-9.996504072080117931e-01
1.000000000000000000e+00
1.000000000000000000e+00
9.999999814336032466e-01
1.000000000000000000e+00
-9.999915961342369375e-01
9.998371872748459399e-01
1.000000000000000000e+00
1.000000000000000000e+00
1.000000000000000000e+00
1.000000000000000000e+00
1.000000000000000000e+00
1.000000000000000000e+00
1.000000000000000000e+00
-1.000000000000000000e+00
1.000000000000000000e+00
-1.000000000000000000e+00
-1.000000000000000000e+00
1.000000000000000000e+00
-1.000000000000000000e+00
-9.999808534510552516e-01
1.000000000000000000e+00
-1.000000000000000000e+00
1.000000000000000000e+00
9.999253405813787188e-01
1.000000000000000000e+00
1.000000000000000000e+00
-9.991997758520181350e-01
-1.000000000000000000e+00
-1.000000000000000000e+00
1.000000000000000000e+00
-1.000000000000000000e+00
1.000000000000000000e+00
-1.000000000000000000e+00
1.000000000000000000e+00
1.000000000000000000e+00
-1.000000000000000000e+00
1.000000000000000000e+00
-1.000000000000000000e+00
-1.000000000000000000e+00
-1.000000000000000000e+00
9.989958178279911838e-01
-1.000000000000000000e+00
1.000000000000000000e+00
-1.000000000000000000e+00
-1.000000000000000000e+00
1.000000000000000000e+00
-1.000000000000000000e+00
-9.743465103331645505e-01
9.999972457163508466e-01
9.988525375514867299e-01
-1.000000000000000000e+00
9.999972710388298491e-01
-1.000000000000000000e+00
-1.000000000000000000e+00
-1.000000000000000000e+00
9.999995548876187135e-01
-1.000000000000000000e+00
1.000000000000000000e+00
-1.000000000000000000e+00
1.000000000000000000e+00
-1.000000000000000000e+00
1.000000000000000000e+00
-1.000000000000000000e+00
9.999999882377490490e-01
1.000000000000000000e+00
1.000000000000000000e+00
-1.000000000000000000e+00
9.999568966356415789e-01
1.000000000000000000e+00
-9.997578673277622840e-01
9.996305296256438044e-01
-1.000000000000000000e+00
9.999993783006420056e-01
1.000000000000000000e+00
-1.000000000000000000e+00
-1.000000000000000000e+00
1.000000000000000000e+00
-1.000000000000000000e+00
-1.000000000000000000e+00
-1.000000000000000000e+00
-1.000000000000000000e+00
1.000000000000000000e+00
-9.010733774302754906e-01
-1.000000000000000000e+00
9.977085889052357270e-01
1.000000000000000000e+00
-1.000000000000000000e+00
-1.000000000000000000e+00
1.000000000000000000e+00
1.000000000000000000e+00
-1.000000000000000000e+00
-9.949960663179506781e-01
1.000000000000000000e+00
-9.999068250177935990e-01
-1.000000000000000000e+00
-1.000000000000000000e+00
-9.999932649896297043e-01
-1.000000000000000000e+00
-1.000000000000000000e+00
-6.970119392242766221e-01
-1.000000000000000000e+00
-1.000000000000000000e+00
-9.999818690264857812e-01
-9.999687878077313519e-01
1.000000000000000000e+00
1.000000000000000000e+00
1.000000000000000000e+00
-1.000000000000000000e+00
-1.000000000000000000e+00
-1.000000000000000000e+00
-1.000000000000000000e+00
1.000000000000000000e+00
-1.000000000000000000e+00
-9.999786129427579162e-01
-1.000000000000000000e+00
1.000000000000000000e+00
-1.000000000000000000e+00
-1.000000000000000000e+00
-1.000000000000000000e+00
-1.000000000000000000e+00
-1.000000000000000000e+00
-1.000000000000000000e+00
1.000000000000000000e+00
9.790403429149092673e-01
1.000000000000000000e+00
-1.000000000000000000e+00
-1.516860742060587575e-01
-1.000000000000000000e+00
-9.992916563454149470e-01
1.000000000000000000e+00
-1.000000000000000000e+00
9.999964096274484016e-01
-1.000000000000000000e+00
-1.000000000000000000e+00
1.000000000000000000e+00
-1.000000000000000000e+00
-1.000000000000000000e+00
1.000000000000000000e+00
1.000000000000000000e+00
1.000000000000000000e+00
-1.000000000000000000e+00
-9.229632341028910503e-01
9.998215264451770778e-01
9.999688736987381033e-01
1.000000000000000000e+00
-1.000000000000000000e+00
1.000000000000000000e+00
1.000000000000000000e+00
1.000000000000000000e+00
-1.000000000000000000e+00
1.000000000000000000e+00
1.000000000000000000e+00
1.000000000000000000e+00
1.000000000000000000e+00
9.866407246426012190e-01
-1.000000000000000000e+00
-1.000000000000000000e+00
1.000000000000000000e+00
1.000000000000000000e+00
-1.000000000000000000e+00
-1.000000000000000000e+00
-1.000000000000000000e+00
-1.000000000000000000e+00
1.000000000000000000e+00
1.000000000000000000e+00
-1.000000000000000000e+00
2.692386084678684011e-01
-9.626383889356495693e-01
1.000000000000000000e+00
-1.000000000000000000e+00
1.000000000000000000e+00
-1.000000000000000000e+00
-1.000000000000000000e+00
-9.981986758674773474e-01
1.000000000000000000e+00
