-1.000000000000000000e+00
-1.000000000000000000e+00
-1.000000000000000000e+00
-1.000000000000000000e+00
1.000000000000000000e+00
-1.000000000000000000e+00
-1.000000000000000000e+00
9.992487681832351587e-01
9.442129918448759485e-01
-9.999999999365156711e-01
4.861227577847333503e-01
-1.000000000000000000e+00
9.883028778417892735e-01
5.254481613486339242e-01
-1.000000000000000000e+00
9.528779362349671933e-01
-1.000000000000000000e+00
-5.983530904362197589e-01
9.998012357048795540e-01
-1.000000000000000000e+00
9.924507344510626883e-01
-1.000000000000000000e+00
-1.000000000000000000e+00
-1.000000000000000000e+00
-9.940554371085937868e-01
-9.525346898187245781e-01
9.998061058990856953e-01
2.144966701869449599e-01
-1.000000000000000000e+00
-1.000000000000000000e+00
-1.000000000000000000e+00
9.327446472985174708e-01
-1.000000000000000000e+00
-1.000000000000000000e+00
8.819629278983280862e-01
-1.000000000000000000e+00
9.371518292945331119e-01
9.487105307787512265e-01
1.000000000000000000e+00
-9.703719875010826668e-01
9.787847983101845006e-01
-1.000000000000000000e+00
-9.948047128074708478e-01
1.000000000000000000e+00
1.000000000000000000e+00
-1.000000000000000000e+00
-9.986003721044197645e-01
-1.000000000000000000e+00
-1.000000000000000000e+00
-1.000000000000000000e+00
-1.000000000000000000e+00
1.000000000000000000e+00
1.000000000000000000e+00
1.000000000000000000e+00
-8.929505829936615902e-01
1.000000000000000000e+00
-1.000000000000000000e+00
-9.947384427374197369e-01
1.823305961938378739e-01
2.182440328617129000e-01
-1.000000000000000000e+00
-9.993220043127870600e-01
1.000000000000000000e+00
-1.000000000000000000e+00
9.618771472632080544e-01
-1.000000000000000000e+00
-1.000000000000000000e+00
-1.000000000000000000e+00
-8.706543554239687399e-01
1.000000000000000000e+00
9.777184514841187335e-01
-4.638349144711703675e-01
1.020676713269444424e-01
4.073821551486660475e-01
1.000000000000000000e+00
1.000000000000000000e+00
1.000000000000000000e+00
9.928595438588769806e-01
-8.616269213328597854e-01
1.000000000000000000e+00
-9.999995505052581279e-01
1.000000000000000000e+00
-9.956181250491280554e-02
-9.820143163029200206e-01
-9.588239923373405027e-01
-8.847198322168421392e-01
1.000000000000000000e+00
-9.980566376104299531e-01
1.000000000000000000e+00
-8.381020435522135159e-01
1.000000000000000000e+00
1.000000000000000000e+00
-1.000000000000000000e+00
9.928376676082153462e-01
1.000000000000000000e+00
9.999999977784754801e-01
-1.000000000000000000e+00
-1.000000000000000000e+00
1.000000000000000000e+00
1.000000000000000000e+00
9.902915851343963016e-01
-9.040278731190414252e-01
1.000000000000000000e+00
-1.000000000000000000e+00
1.000000000000000000e+00
1.000000000000000000e+00
-1.000000000000000000e+00
9.781954116505038321e-01
1.000000000000000000e+00
-9.999947094686165716e-01
-1.000000000000000000e+00
9.938748343636691907e-01
-9.907384769986591344e-01
-4.484585748825417606e-02
-1.000000000000000000e+00
-7.233248203275017829e-01
9.972017145442957364e-01
-9.861172568060976307e-01
9.344054776890650116e-01
-9.994655564517533897e-01
9.707034992198338985e-01
-9.403472471864723348e-01
1.000000000000000000e+00
-1.000000000000000000e+00
1.000000000000000000e+00
-9.995185160349547848e-01
1.000000000000000000e+00
-1.000000000000000000e+00
9.999908290189498672e-01
-9.400326171014797838e-01
-9.976631226464547364e-01
1.000000000000000000e+00
-1.000000000000000000e+00
-3.635692852637440464e-01
-1.000000000000000000e+00
-9.439417790571380529e-01
9.831530582355156866e-01
-7.150938214097405377e-01
9.993092538673011838e-01
1.000000000000000000e+00
-9.999998687032459754e-01
1.000000000000000000e+00
-9.950455466018673922e-01
1.000000000000000000e+00
1.000000000000000000e+00
1.000000000000000000e+00
-9.611121908407724845e-01
1.000000000000000000e+00
1.000000000000000000e+00
1.000000000000000000e+00
-9.902534255941590757e-01
1.000000000000000000e+00
1.000000000000000000e+00
-1.000000000000000000e+00
1.000000000000000000e+00
9.910737557701747580e-01
-1.000000000000000000e+00
2.518573464842438492e-01
1.000000000000000000e+00
1.000000000000000000e+00
9.616001853115836440e-01
1.000000000000000000e+00
9.928957391588921766e-01
-1.000000000000000000e+00
9.981102854667025515e-01
-1.000000000000000000e+00
-9.826973754332968269e-01
1.000000000000000000e+00
-9.578428766059818855e-01
-1.000000000000000000e+00
-9.960773497053418968e-01
5.858335856559615529e-01
-9.783107021734148701e-01
9.832564405358774628e-01
1.000000000000000000e+00
9.836089938129422006e-01
-1.000000000000000000e+00
9.960346526996841643e-01
-1.000000000000000000e+00
-1.000000000000000000e+00
-1.000000000000000000e+00
1.000000000000000000e+00
9.972226135816708581e-01
-9.826896235536429769e-01
9.967179610428573699e-01
9.514998249094301919e-01
1.000000000000000000e+00
1.000000000000000000e+00
9.995530571584874124e-01
8.838653392755915217e-01
-9.994317918255324340e-01
-1.000000000000000000e+00
1.000000000000000000e+00
-1.000000000000000000e+00
-5.840665466716915555e-01
-1.000000000000000000e+00
-9.886293579894446237e-01
-1.000000000000000000e+00
1.000000000000000000e+00
8.251930055255012331e-01
-1.000000000000000000e+00
-9.999691437512149284e-01
-1.000000000000000000e+00
-1.000000000000000000e+00
1.000000000000000000e+00
-1.000000000000000000e+00
1.000000000000000000e+00
-9.339807735658167687e-01
6.332731588862999805e-01
-1.000000000000000000e+00
-1.000000000000000000e+00
9.022316443844803358e-01
9.708824599554812806e-01
-1.000000000000000000e+00
-1.000000000000000000e+00
1.000000000000000000e+00
9.869770104494088869e-01
9.991677058678559709e-01
-9.907580968542836208e-01
-1.000000000000000000e+00
9.803103675882058887e-01
-9.998288674411431876e-01
-9.996279117417701254e-01
7.072078414784729317e-01
9.999999984083278726e-01
-9.765250434142997982e-01
-1.000000000000000000e+00
1.000000000000000000e+00
1.000000000000000000e+00
9.732171467197285875e-01
-9.996997337152657703e-01
-9.974620968298526513e-01
-1.000000000000000000e+00
-1.000000000000000000e+00
1.000000000000000000e+00
-9.995408151374584049e-01
4.819424732645283260e-01
-9.627476255376846703e-01
1.000000000000000000e+00
1.000000000000000000e+00
9.983251447148421276e-01
-1.000000000000000000e+00
1.000000000000000000e+00
1.000000000000000000e+00
-9.993738770182335474e-01
-1.000000000000000000e+00
-1.000000000000000000e+00
9.991188337250992424e-01
1.000000000000000000e+00
4.716688168214218102e-01
-9.929706627630844329e-01
-1.000000000000000000e+00
9.994477285377485476e-01
-1.000000000000000000e+00
1.000000000000000000e+00
-9.999539587689693088e-01
8.833901333656361821e-02
1.000000000000000000e+00
1.000000000000000000e+00
7.550396171578117599e-01
1.000000000000000000e+00
-1.000000000000000000e+00
-1.000000000000000000e+00
-1.000000000000000000e+00
-1.000000000000000000e+00
