-1.000000000000000000e+00
-9.782390480623931461e-01
1.000000000000000000e+00
-1.000000000000000000e+00
1.000000000000000000e+00
-9.999999999141371276e-01
-1.000000000000000000e+00
-1.000000000000000000e+00
-1.000000000000000000e+00
-1.000000000000000000e+00
1.000000000000000000e+00
9.999995174065342551e-01
-1.000000000000000000e+00
-1.000000000000000000e+00
-9.972659240969987682e-01
-1.000000000000000000e+00
-1.000000000000000000e+00
1.000000000000000000e+00
-1.000000000000000000e+00
1.000000000000000000e+00
1.000000000000000000e+00
1.000000000000000000e+00
-9.999992715738608151e-01
-1.000000000000000000e+00
-1.000000000000000000e+00
1.000000000000000000e+00
1.000000000000000000e+00
1.000000000000000000e+00
1.000000000000000000e+00
1.000000000000000000e+00
1.000000000000000000e+00
1.000000000000000000e+00
-9.999969642489132671e-01
-1.000000000000000000e+00
-1.000000000000000000e+00
-1.000000000000000000e+00
-9.999999976883671149e-01
9.999999931831757838e-01
-1.000000000000000000e+00
-1.000000000000000000e+00
-1.000000000000000000e+00
1.000000000000000000e+00
-1.000000000000000000e+00
-1.000000000000000000e+00
-1.000000000000000000e+00
1.000000000000000000e+00
1.000000000000000000e+00
-9.999996997526496845e-01
-1.000000000000000000e+00
1.000000000000000000e+00
-9.999999998208880525e-01
-1.000000000000000000e+00
-1.000000000000000000e+00
-9.999999824689781436e-01
1.000000000000000000e+00
1.000000000000000000e+00
1.000000000000000000e+00
1.000000000000000000e+00
-1.000000000000000000e+00
-1.000000000000000000e+00
-1.000000000000000000e+00
-9.999992366610058747e-01
9.999969668800769984e-01
9.998838739697770706e-01
-1.000000000000000000e+00
1.000000000000000000e+00
1.000000000000000000e+00
9.997312395544966090e-01
1.000000000000000000e+00
1.000000000000000000e+00
-1.000000000000000000e+00
-1.000000000000000000e+00
-1.000000000000000000e+00
1.000000000000000000e+00
1.000000000000000000e+00
1.000000000000000000e+00
1.000000000000000000e+00
-1.000000000000000000e+00
-7.361943602316989299e-01
9.998240175570907162e-01
1.000000000000000000e+00
-8.691462368773775760e-01
-1.000000000000000000e+00
1.000000000000000000e+00
-9.999999717827622314e-01
1.000000000000000000e+00
-9.964734494330180770e-01
1.000000000000000000e+00
1.000000000000000000e+00
1.000000000000000000e+00
-1.000000000000000000e+00
-1.000000000000000000e+00
-1.000000000000000000e+00
-1.000000000000000000e+00
1.000000000000000000e+00
1.000000000000000000e+00
1.000000000000000000e+00
-1.000000000000000000e+00
1.000000000000000000e+00
-9.999987185721622707e-01
1.000000000000000000e+00
1.000000000000000000e+00
-1.000000000000000000e+00
-1.000000000000000000e+00
-1.000000000000000000e+00
1.000000000000000000e+00
-1.000000000000000000e+00
-9.999974887129827739e-01
9.999999871364064763e-01
1.000000000000000000e+00
-1.000000000000000000e+00
9.999999508821513228e-01
-1.000000000000000000e+00
1.000000000000000000e+00
-1.000000000000000000e+00
-9.999999999696695951e-01
1.000000000000000000e+00
-1.000000000000000000e+00
1.000000000000000000e+00
-1.000000000000000000e+00
-1.000000000000000000e+00
1.000000000000000000e+00
-9.989233967180246587e-01
-1.000000000000000000e+00
-9.982412396586080039e-01
-9.999999991689734191e-01
-1.000000000000000000e+00
1.000000000000000000e+00
-1.000000000000000000e+00
-9.999999609870956485e-01
9.999980738745319897e-01
-9.999999998541573287e-01
1.000000000000000000e+00
-1.000000000000000000e+00
-9.979810503206980599e-01
-6.391785320628287081e-01
1.000000000000000000e+00
-1.000000000000000000e+00
1.000000000000000000e+00
-1.000000000000000000e+00
-1.000000000000000000e+00
-9.999998944673694767e-01
1.000000000000000000e+00
-9.999999999999935607e-01
8.578670811421567066e-01
-1.000000000000000000e+00
9.999999998709361293e-01
1.000000000000000000e+00
9.999257629552227300e-01
1.000000000000000000e+00
9.998725747974660516e-01
9.999999999999997780e-01
1.000000000000000000e+00
-9.999999999984996446e-01
9.999996193582320059e-01
-1.000000000000000000e+00
-1.000000000000000000e+00
-1.000000000000000000e+00
-9.999999999913055104e-01
-1.000000000000000000e+00
-1.000000000000000000e+00
-1.000000000000000000e+00
1.000000000000000000e+00
1.000000000000000000e+00
1.000000000000000000e+00
1.000000000000000000e+00
-1.000000000000000000e+00
-9.995075286111885227e-01
9.999999999999982236e-01
1.000000000000000000e+00
1.000000000000000000e+00
1.000000000000000000e+00
1.000000000000000000e+00
-9.999999663733540878e-01
-9.999999793036081774e-01
-1.000000000000000000e+00
1.000000000000000000e+00
9.999999999999995559e-01
-1.000000000000000000e+00
-1.000000000000000000e+00
-1.000000000000000000e+00
-9.988064758448380598e-01
-9.952761752738821244e-01
1.000000000000000000e+00
-1.000000000000000000e+00
-9.999181549497704324e-01
1.000000000000000000e+00
-1.000000000000000000e+00
-1.000000000000000000e+00
1.000000000000000000e+00
1.000000000000000000e+00
-1.000000000000000000e+00
1.000000000000000000e+00
-1.000000000000000000e+00
-1.000000000000000000e+00
-4.404925415489649443e-01
-1.000000000000000000e+00
-1.000000000000000000e+00
1.000000000000000000e+00
-1.971746794857873741e-01
-1.000000000000000000e+00
-1.000000000000000000e+00
-1.000000000000000000e+00
-1.000000000000000000e+00
9.999959406232267201e-01
1.000000000000000000e+00
-1.000000000000000000e+00
-1.000000000000000000e+00
-1.000000000000000000e+00
1.000000000000000000e+00
-9.999296573293127155e-01
-1.000000000000000000e+00
1.000000000000000000e+00
1.000000000000000000e+00
1.000000000000000000e+00
-1.000000000000000000e+00
1.000000000000000000e+00
1.000000000000000000e+00
1.000000000000000000e+00
-1.000000000000000000e+00
-1.000000000000000000e+00
-1.000000000000000000e+00
-1.000000000000000000e+00
9.999946572226457997e-01
-1.000000000000000000e+00
1.000000000000000000e+00
-1.000000000000000000e+00
-9.999817267138985111e-01
1.000000000000000000e+00
1.000000000000000000e+00
-1.000000000000000000e+00
1.000000000000000000e+00
-1.000000000000000000e+00
-1.000000000000000000e+00
9.999999841044426852e-01
9.984340256440094041e-01
-1.000000000000000000e+00
-1.000000000000000000e+00
-9.992817651759587916e-01
-1.000000000000000000e+00
-1.000000000000000000e+00
1.000000000000000000e+00
-1.000000000000000000e+00
-1.000000000000000000e+00
9.999999167277915380e-01
1.000000000000000000e+00
-9.999782892563161552e-01
9.999999999652027238e-01
1.000000000000000000e+00
1.000000000000000000e+00
1.000000000000000000e+00
-1.000000000000000000e+00
1.000000000000000000e+00
-1.000000000000000000e+00
9.999999324379235111e-01
-1.000000000000000000e+00
1.000000000000000000e+00
-9.998304128913346744e-01
-1.000000000000000000e+00
-1.000000000000000000e+00
-1.000000000000000000e+00
1.000000000000000000e+00
1.000000000000000000e+00
1.000000000000000000e+00
1.000000000000000000e+00
