-1.000000000000000000e+00
-1.000000000000000000e+00
-1.000000000000000000e+00
1.000000000000000000e+00
1.000000000000000000e+00
9.808323211048262102e-01
1.000000000000000000e+00
-1.000000000000000000e+00
1.000000000000000000e+00
1.000000000000000000e+00
1.000000000000000000e+00
1.000000000000000000e+00
1.000000000000000000e+00
1.000000000000000000e+00
9.998864172487047508e-01
-1.000000000000000000e+00
-1.000000000000000000e+00
-9.943780728792763757e-01
-9.999886355702957141e-01
1.000000000000000000e+00
1.000000000000000000e+00
-9.998148404708043779e-01
9.999999992729237119e-01
1.000000000000000000e+00
1.000000000000000000e+00
1.000000000000000000e+00
1.000000000000000000e+00
1.000000000000000000e+00
-1.000000000000000000e+00
-1.000000000000000000e+00
-1.000000000000000000e+00
-1.000000000000000000e+00
9.999999911618059345e-01
1.000000000000000000e+00
1.000000000000000000e+00
-9.979510280882376572e-01
1.000000000000000000e+00
1.000000000000000000e+00
1.000000000000000000e+00
9.999999999999973355e-01
-9.934612757201966016e-01
1.000000000000000000e+00
-9.997518447845272771e-01
1.000000000000000000e+00
1.000000000000000000e+00
1.000000000000000000e+00
9.999989319143007815e-01
1.000000000000000000e+00
1.000000000000000000e+00
-1.000000000000000000e+00
9.999868093726400620e-01
1.000000000000000000e+00
1.000000000000000000e+00
9.999999992097344803e-01
-9.999999999771738146e-01
-1.000000000000000000e+00
-9.999838791433423024e-01
9.999686522611865858e-01
-1.000000000000000000e+00
-9.997268880008161052e-01
9.999997091502205171e-01
-1.000000000000000000e+00
-9.999999999680055929e-01
-9.998224380382577658e-01
1.000000000000000000e+00
-1.000000000000000000e+00
-1.000000000000000000e+00
-9.977829113375483727e-01
-1.000000000000000000e+00
1.000000000000000000e+00
1.000000000000000000e+00
-1.000000000000000000e+00
9.982968276154924325e-01
-9.999999999891187041e-01
-1.000000000000000000e+00
-1.000000000000000000e+00
-1.000000000000000000e+00
-1.000000000000000000e+00
1.000000000000000000e+00
-1.000000000000000000e+00
1.000000000000000000e+00
-1.000000000000000000e+00
1.000000000000000000e+00
1.000000000000000000e+00
-1.000000000000000000e+00
1.000000000000000000e+00
1.000000000000000000e+00
1.000000000000000000e+00
1.000000000000000000e+00
-1.000000000000000000e+00
-9.999998209424156848e-01
1.000000000000000000e+00
-1.000000000000000000e+00
-9.999821421290855383e-01
1.000000000000000000e+00
1.000000000000000000e+00
9.999997839933227883e-01
-1.000000000000000000e+00
1.000000000000000000e+00
-1.000000000000000000e+00
1.000000000000000000e+00
1.000000000000000000e+00
1.000000000000000000e+00
-9.952911056245210553e-01
-1.000000000000000000e+00
-9.999999993286295963e-01
-1.000000000000000000e+00
-9.999998029604908467e-01
1.000000000000000000e+00
1.000000000000000000e+00
-9.955295175869529611e-01
-1.000000000000000000e+00
1.000000000000000000e+00
1.000000000000000000e+00
1.000000000000000000e+00
-1.000000000000000000e+00
-9.993628519708455116e-01
-1.000000000000000000e+00
1.000000000000000000e+00
-1.000000000000000000e+00
-9.999999965688030068e-01
-9.973976404903155402e-01
-1.000000000000000000e+00
1.000000000000000000e+00
-1.000000000000000000e+00
-9.980283197868474732e-01
1.000000000000000000e+00
1.000000000000000000e+00
-9.973296792424819479e-01
-9.999999921933082625e-01
1.000000000000000000e+00
-1.000000000000000000e+00
-9.999999999999997780e-01
-1.000000000000000000e+00
9.995464208520965510e-01
-1.000000000000000000e+00
-1.000000000000000000e+00
-1.000000000000000000e+00
-1.000000000000000000e+00
1.000000000000000000e+00
-1.000000000000000000e+00
1.000000000000000000e+00
1.000000000000000000e+00
-1.000000000000000000e+00
-1.000000000000000000e+00
-9.999999999998019362e-01
-1.000000000000000000e+00
-9.989217723008028127e-01
-1.000000000000000000e+00
1.000000000000000000e+00
1.000000000000000000e+00
-9.977061284007613384e-01
-9.993832001645526208e-01
9.999998899114592721e-01
-1.000000000000000000e+00
-9.999999836284029220e-01
-1.000000000000000000e+00
1.000000000000000000e+00
-1.000000000000000000e+00
9.999998866052672852e-01
-1.000000000000000000e+00
9.999999682755390529e-01
-1.000000000000000000e+00
-1.000000000000000000e+00
-1.000000000000000000e+00
1.000000000000000000e+00
-1.000000000000000000e+00
1.000000000000000000e+00
-1.000000000000000000e+00
-9.999997277482880476e-01
-1.000000000000000000e+00
-1.000000000000000000e+00
1.000000000000000000e+00
1.000000000000000000e+00
1.000000000000000000e+00
-1.000000000000000000e+00
-9.995930109837055655e-01
1.000000000000000000e+00
-9.713706237558011880e-01
-9.999998951674841097e-01
-9.999935575490559447e-01
-1.000000000000000000e+00
-9.999999745035867971e-01
1.000000000000000000e+00
-1.000000000000000000e+00
-1.000000000000000000e+00
1.000000000000000000e+00
-1.000000000000000000e+00
-9.998208467576865655e-01
1.000000000000000000e+00
9.999999999960815789e-01
-1.000000000000000000e+00
1.000000000000000000e+00
1.000000000000000000e+00
-9.985835888153544726e-01
-1.000000000000000000e+00
1.000000000000000000e+00
9.999999772729624148e-01
-9.727833736109297025e-01
-9.999198307387642259e-01
9.992039837301784910e-01
-1.000000000000000000e+00
-1.000000000000000000e+00
-1.000000000000000000e+00
1.000000000000000000e+00
1.000000000000000000e+00
1.000000000000000000e+00
1.000000000000000000e+00
-1.000000000000000000e+00
1.000000000000000000e+00
-1.000000000000000000e+00
-9.531386147159874866e-01
1.000000000000000000e+00
1.000000000000000000e+00
2.112624310894619106e-01
-1.000000000000000000e+00
-1.000000000000000000e+00
1.000000000000000000e+00
-9.999985519955926216e-01
-1.000000000000000000e+00
-1.000000000000000000e+00
-9.999934701387959146e-01
9.999999999985863530e-01
1.000000000000000000e+00
-9.999997119275891855e-01
9.999999999999888978e-01
-1.000000000000000000e+00
1.000000000000000000e+00
-9.999879613238417120e-01
1.000000000000000000e+00
-9.999962814495726438e-01
1.000000000000000000e+00
1.000000000000000000e+00
1.000000000000000000e+00
1.000000000000000000e+00
9.999988256208039994e-01
1.000000000000000000e+00
1.000000000000000000e+00
-1.000000000000000000e+00
-1.000000000000000000e+00
9.983448376466239615e-01
-9.999999562062373837e-01
-1.000000000000000000e+00
1.000000000000000000e+00
1.000000000000000000e+00
-1.000000000000000000e+00
1.000000000000000000e+00
1.000000000000000000e+00
9.999999997274782171e-01
1.000000000000000000e+00
-9.999999678988735763e-01
-9.999987951358459970e-01
1.000000000000000000e+00
1.000000000000000000e+00
1.000000000000000000e+00
-1.000000000000000000e+00
-1.000000000000000000e+00
-1.000000000000000000e+00
9.513530423085863053e-01
-1.000000000000000000e+00
-1.000000000000000000e+00
3.731747885673232790e-01
8.610749015036582854e-01
1.000000000000000000e+00
-9.097475208576859540e-01
