-1.000000000000000000e+00
1.000000000000000000e+00
1.000000000000000000e+00
-1.000000000000000000e+00
1.000000000000000000e+00
-1.000000000000000000e+00
-1.000000000000000000e+00
-1.000000000000000000e+00
1.000000000000000000e+00
-1.000000000000000000e+00
-1.000000000000000000e+00
9.904135541786474040e-01
1.000000000000000000e+00
-1.000000000000000000e+00
-1.000000000000000000e+00
1.000000000000000000e+00
-1.000000000000000000e+00
1.000000000000000000e+00
-1.000000000000000000e+00
9.660054858951350187e-01
-1.000000000000000000e+00
8.575710289711013790e-01
1.000000000000000000e+00
9.981495895051158973e-01
9.995648626517750213e-01
-1.000000000000000000e+00
1.000000000000000000e+00
9.998522243156363620e-01
9.999868162360956436e-01
1.000000000000000000e+00
-1.000000000000000000e+00
9.999981176920011983e-01
-1.000000000000000000e+00
-1.000000000000000000e+00
1.000000000000000000e+00
-1.000000000000000000e+00
1.000000000000000000e+00
-1.000000000000000000e+00
9.998427675021790417e-01
9.990085446106823364e-01
1.000000000000000000e+00
9.952608600229277958e-01
-1.000000000000000000e+00
-1.000000000000000000e+00
-1.000000000000000000e+00
9.999296345549102405e-01
-1.000000000000000000e+00
-1.000000000000000000e+00
9.340225294658206501e-01
-1.000000000000000000e+00
1.000000000000000000e+00
1.000000000000000000e+00
1.000000000000000000e+00
1.000000000000000000e+00
-1.000000000000000000e+00
-1.000000000000000000e+00
1.000000000000000000e+00
1.000000000000000000e+00
1.000000000000000000e+00
-1.000000000000000000e+00
1.000000000000000000e+00
-1.000000000000000000e+00
-9.984711360353286658e-01
-1.000000000000000000e+00
-1.000000000000000000e+00
1.000000000000000000e+00
1.000000000000000000e+00
-9.923146087259286929e-01
-4.050431332990960254e-01
3.448004552304502202e-01
-1.000000000000000000e+00
-1.000000000000000000e+00
-1.000000000000000000e+00
-1.000000000000000000e+00
9.999142845328903295e-01
-1.000000000000000000e+00
1.000000000000000000e+00
-1.000000000000000000e+00
-9.982610390290991287e-01
1.000000000000000000e+00
-1.000000000000000000e+00
-1.000000000000000000e+00
-9.997137818769143980e-01
1.000000000000000000e+00
9.999687553307987642e-01
1.000000000000000000e+00
9.999923588836185928e-01
-1.000000000000000000e+00
-9.999979193205403849e-01
-1.000000000000000000e+00
1.000000000000000000e+00
9.999997553658754867e-01
-1.000000000000000000e+00
1.000000000000000000e+00
1.000000000000000000e+00
1.000000000000000000e+00
1.000000000000000000e+00
-1.000000000000000000e+00
-1.000000000000000000e+00
1.000000000000000000e+00
1.000000000000000000e+00
-1.000000000000000000e+00
-1.000000000000000000e+00
1.000000000000000000e+00
-1.000000000000000000e+00
1.000000000000000000e+00
1.000000000000000000e+00
-9.999508962134719958e-01
-1.000000000000000000e+00
1.000000000000000000e+00
-9.999653299049315880e-01
1.000000000000000000e+00
1.000000000000000000e+00
1.000000000000000000e+00
9.998958907778148220e-01
-1.000000000000000000e+00
5.787589575354821214e-01
-1.000000000000000000e+00
-9.961937927940829329e-01
-9.999952821517883450e-01
1.000000000000000000e+00
-9.999815040557827883e-01
9.999997855155400295e-01
1.000000000000000000e+00
-1.000000000000000000e+00
-1.000000000000000000e+00
1.000000000000000000e+00
-1.000000000000000000e+00
1.000000000000000000e+00
1.000000000000000000e+00
-1.000000000000000000e+00
-1.000000000000000000e+00
1.000000000000000000e+00
-1.000000000000000000e+00
-9.993435365305658458e-01
-1.000000000000000000e+00
1.000000000000000000e+00
-1.000000000000000000e+00
-1.000000000000000000e+00
-9.999945117715487442e-01
1.000000000000000000e+00
-1.000000000000000000e+00
-1.000000000000000000e+00
1.000000000000000000e+00
9.999706201776118464e-01
-1.000000000000000000e+00
1.000000000000000000e+00
-9.999914252544666038e-01
-1.000000000000000000e+00
-1.000000000000000000e+00
-7.006243982072796195e-01
-1.000000000000000000e+00
-1.000000000000000000e+00
1.000000000000000000e+00
1.000000000000000000e+00
-1.000000000000000000e+00
1.000000000000000000e+00
1.000000000000000000e+00
-1.000000000000000000e+00
1.000000000000000000e+00
1.000000000000000000e+00
-9.999993568282090628e-01
-9.999906863533134516e-01
-1.000000000000000000e+00
9.999994103694977987e-01
7.020261465167072501e-01
-1.000000000000000000e+00
1.000000000000000000e+00
-9.987341271979451873e-01
1.000000000000000000e+00
1.000000000000000000e+00
-1.000000000000000000e+00
-1.000000000000000000e+00
1.961059739633301269e-01
-1.000000000000000000e+00
1.000000000000000000e+00
1.000000000000000000e+00
1.000000000000000000e+00
-1.000000000000000000e+00
1.000000000000000000e+00
1.000000000000000000e+00
-9.961071441935891446e-01
-1.000000000000000000e+00
-1.000000000000000000e+00
1.000000000000000000e+00
-1.000000000000000000e+00
-9.855720366396373278e-01
-1.000000000000000000e+00
9.835142726475680774e-01
-9.983668692005873702e-01
1.000000000000000000e+00
1.000000000000000000e+00
-1.000000000000000000e+00
-9.996639988637674445e-01
-1.000000000000000000e+00
-1.000000000000000000e+00
1.000000000000000000e+00
-9.999700563506279671e-01
1.000000000000000000e+00
-9.783434327050658519e-01
-1.000000000000000000e+00
1.000000000000000000e+00
1.000000000000000000e+00
9.992278595086235837e-01
1.000000000000000000e+00
6.042114459035804463e-01
1.000000000000000000e+00
1.000000000000000000e+00
1.000000000000000000e+00
-1.000000000000000000e+00
-1.000000000000000000e+00
-1.000000000000000000e+00
1.000000000000000000e+00
-1.000000000000000000e+00
-9.999966541288978217e-01
-9.988431553794194784e-01
1.000000000000000000e+00
-1.000000000000000000e+00
8.025469875083276472e-01
1.000000000000000000e+00
1.000000000000000000e+00
-9.920967415417751845e-01
8.062138793882701604e-01
1.000000000000000000e+00
-1.000000000000000000e+00
1.000000000000000000e+00
-9.983832112338953957e-01
-1.000000000000000000e+00
1.000000000000000000e+00
9.994686487830233279e-01
-1.000000000000000000e+00
-1.000000000000000000e+00
1.000000000000000000e+00
1.000000000000000000e+00
-7.882676920034319412e-01
1.000000000000000000e+00
9.999822248806751190e-01
-9.999963465546053420e-01
1.000000000000000000e+00
-1.000000000000000000e+00
1.000000000000000000e+00
9.704116955845880632e-01
-1.000000000000000000e+00
9.945848307819513678e-01
1.000000000000000000e+00
-9.999259921433243381e-01
8.387671257743746223e-01
-1.000000000000000000e+00
9.840347403114159119e-01
1.000000000000000000e+00
1.000000000000000000e+00
9.999998703634738195e-01
1.000000000000000000e+00
-9.999220345646888664e-01
-1.000000000000000000e+00
1.000000000000000000e+00
-9.999993242356219891e-01
-9.999963600601695646e-01
9.985953165628558281e-01
-1.000000000000000000e+00
1.000000000000000000e+00
1.000000000000000000e+00
-1.000000000000000000e+00
-1.000000000000000000e+00
9.999637137869104020e-01
