1.000000000000000000e+00
1.000000000000000000e+00
-9.987845613116379528e-01
1.000000000000000000e+00
-1.000000000000000000e+00
-1.000000000000000000e+00
1.000000000000000000e+00
-1.000000000000000000e+00
-1.000000000000000000e+00
-8.911161801444076325e-01
-7.972720646838549197e-01
-1.000000000000000000e+00
1.000000000000000000e+00
1.000000000000000000e+00
-8.920061796237286345e-01
1.000000000000000000e+00
1.000000000000000000e+00
8.308650150103661369e-01
-1.379284766227601988e-01
1.000000000000000000e+00
1.000000000000000000e+00
-1.000000000000000000e+00
-9.195612878571606252e-01
-9.265977116159251903e-01
9.799637029851238079e-01
9.479518196684593168e-01
-9.987794458468218783e-01
9.425217031247238308e-01
-6.599463128192546435e-01
1.000000000000000000e+00
-1.000000000000000000e+00
1.000000000000000000e+00
-1.269972276510565323e-01
-1.000000000000000000e+00
1.000000000000000000e+00
1.000000000000000000e+00
1.000000000000000000e+00
1.000000000000000000e+00
-1.000000000000000000e+00
6.707915064607783417e-01
9.477136554300471527e-01
-6.352118874978682772e-01
9.993780384934007888e-01
1.000000000000000000e+00
-7.330856004926558089e-01
7.839792233171464231e-01
8.394241791881139614e-01
9.268137858336187307e-01
1.000000000000000000e+00
1.000000000000000000e+00
1.000000000000000000e+00
-9.101970389226197167e-01
1.000000000000000000e+00
1.000000000000000000e+00
6.905114339134590384e-01
8.858708701040274303e-01
-1.000000000000000000e+00
1.000000000000000000e+00
1.000000000000000000e+00
1.000000000000000000e+00
-1.000000000000000000e+00
-1.000000000000000000e+00
-1.000000000000000000e+00
1.000000000000000000e+00
9.477390715722414649e-01
1.000000000000000000e+00
-1.000000000000000000e+00
-1.000000000000000000e+00
-7.152779147266731252e-01
-1.000000000000000000e+00
8.270427425924633535e-01
-8.701138218912796152e-01
-4.526619731603360730e-01
-6.684855120145045682e-01
1.000000000000000000e+00
-1.000000000000000000e+00
-1.000000000000000000e+00
4.334621886676655045e-01
1.000000000000000000e+00
1.000000000000000000e+00
1.000000000000000000e+00
1.037934199499631061e-01
2.121487869095249057e-01
1.000000000000000000e+00
-1.000000000000000000e+00
1.000000000000000000e+00
1.000000000000000000e+00
1.000000000000000000e+00
1.000000000000000000e+00
1.000000000000000000e+00
-8.690399427014431355e-01
1.000000000000000000e+00
-9.549070474545366949e-01
9.406183326657593380e-01
-5.372214724625343774e-01
9.999713525338471687e-01
-8.548371099290574815e-01
1.000000000000000000e+00
-3.904810895601518173e-01
9.999924662781056739e-01
-1.000000000000000000e+00
-8.933770228848620931e-01
9.867478127518439779e-01
-1.000000000000000000e+00
-1.000000000000000000e+00
1.000000000000000000e+00
-3.232946218875327182e-01
-1.000000000000000000e+00
9.457373070921046843e-01
-1.000000000000000000e+00
-1.000000000000000000e+00
6.508498524378825145e-01
-1.000000000000000000e+00
1.000000000000000000e+00
-2.367220121124314347e-01
1.000000000000000000e+00
1.000000000000000000e+00
-1.000000000000000000e+00
-1.000000000000000000e+00
1.000000000000000000e+00
-1.000000000000000000e+00
9.444749499294661232e-01
2.353428420132358534e-02
-1.000000000000000000e+00
-5.449997403556221531e-01
-9.800747294382115005e-01
-1.000000000000000000e+00
-9.891213906603379957e-01
-5.911791143544888882e-01
8.935268247282779353e-01
3.184503569598305661e-02
-1.000000000000000000e+00
8.306442815761745369e-01
5.407780174096679104e-01
1.000000000000000000e+00
1.000000000000000000e+00
1.000000000000000000e+00
-1.000000000000000000e+00
1.000000000000000000e+00
9.999999998203371598e-01
-1.000000000000000000e+00
-1.000000000000000000e+00
9.342401981720879212e-01
8.566141221932347394e-01
-4.641780871618945148e-01
-1.000000000000000000e+00
-1.000000000000000000e+00
1.000000000000000000e+00
1.000000000000000000e+00
-9.027869067665444947e-01
-1.000000000000000000e+00
-9.900658432413345089e-01
-6.594222907705546977e-01
5.652177536819573689e-01
9.188822956750491988e-01
-9.886266470105917747e-01
-9.999999993779052909e-01
1.447879454593253012e-01
-8.492871051733252852e-01
-1.000000000000000000e+00
1.000000000000000000e+00
8.258549986921058794e-01
1.000000000000000000e+00
-1.000000000000000000e+00
1.000000000000000000e+00
-1.000000000000000000e+00
-1.000000000000000000e+00
1.000000000000000000e+00
-9.006754320808006975e-01
5.152525631113334947e-01
4.104143365916638753e-01
1.000000000000000000e+00
-1.000000000000000000e+00
1.000000000000000000e+00
-1.000000000000000000e+00
-9.958203244669825427e-01
-7.629263708158782187e-01
9.993391055279021717e-01
-1.000000000000000000e+00
1.000000000000000000e+00
-9.956232218030893755e-01
-1.000000000000000000e+00
-1.000000000000000000e+00
-9.172515063551605063e-01
1.000000000000000000e+00
1.281803769404310511e-02
-1.000000000000000000e+00
1.000000000000000000e+00
7.442490278922787583e-01
1.000000000000000000e+00
-1.000000000000000000e+00
-1.000000000000000000e+00
-1.000000000000000000e+00
-9.916700285053317021e-01
2.735187999898678335e-01
-1.240841551505902501e-01
1.000000000000000000e+00
1.000000000000000000e+00
1.000000000000000000e+00
-8.709060755560996681e-01
-1.000000000000000000e+00
-9.501855525405580316e-01
-1.000000000000000000e+00
-1.000000000000000000e+00
-1.000000000000000000e+00
7.866163397387344602e-01
-9.851153521936666380e-01
-1.000000000000000000e+00
-4.425536570148340676e-01
-8.904601892513177575e-01
7.100080949106039041e-01
-1.000000000000000000e+00
1.132814919581194291e-01
7.763043250772531101e-01
-1.000000000000000000e+00
-5.953983152298290005e-01
-6.714158538005492449e-01
1.000000000000000000e+00
1.000000000000000000e+00
8.654101203666477726e-01
1.000000000000000000e+00
-1.000000000000000000e+00
9.726704901070940545e-01
1.000000000000000000e+00
-1.000000000000000000e+00
9.753519178749958662e-01
-1.000000000000000000e+00
-1.000000000000000000e+00
1.000000000000000000e+00
9.416765628963931212e-01
1.000000000000000000e+00
5.021753793134138277e-01
-3.899993201877010041e-01
9.514163825530257412e-01
1.000000000000000000e+00
-1.000000000000000000e+00
-2.157043531530516700e-01
-1.000000000000000000e+00
9.340706085827716887e-01
1.000000000000000000e+00
-1.000000000000000000e+00
8.455709721862374462e-01
-9.998592853750112308e-01
3.222227557387297159e-01
-1.000000000000000000e+00
5.063710429366015120e-01
1.000000000000000000e+00
1.000000000000000000e+00
-1.000000000000000000e+00
-8.466162266941540393e-02
-1.000000000000000000e+00
5.553697924639225958e-01
-3.555686270322525599e-01
2.499744861778254168e-01
-1.000000000000000000e+00
1.000000000000000000e+00
8.605557161929634491e-01
-1.000000000000000000e+00
9.955775118076645169e-01
1.000000000000000000e+00
-3.640104415212281341e-01
9.854714969990288065e-01
1.000000000000000000e+00
-1.000000000000000000e+00
6.500631271021821422e-02
