-9.742184875543909994e-01
7.672689179821952088e-01
-4.655493777668143207e-01
-1.000000000000000000e+00
-1.000000000000000000e+00
-8.208291355449548465e-01
-5.395789329431854853e-01
-1.000000000000000000e+00
-1.968317355739649388e-01
-1.000000000000000000e+00
-9.824529644994681732e-01
-9.614251612854611828e-01
1.000000000000000000e+00
1.000000000000000000e+00
-9.490614415864807585e-01
-7.966975673398184465e-01
1.000000000000000000e+00
9.606330023477755997e-01
-9.870647032508055307e-01
9.478228273196174225e-01
-3.925944498557240037e-01
-1.000000000000000000e+00
-1.000000000000000000e+00
9.405978260141629743e-01
-9.605188081463214012e-01
7.008593166400354235e-01
9.451481106051264902e-01
4.535191356355278147e-01
1.000000000000000000e+00
6.015254651451240608e-01
-1.000000000000000000e+00
1.000000000000000000e+00
-1.000000000000000000e+00
1.000000000000000000e+00
-9.954784579773168218e-01
-1.000000000000000000e+00
-1.000000000000000000e+00
1.000000000000000000e+00
1.000000000000000000e+00
-1.000000000000000000e+00
-1.000000000000000000e+00
1.000000000000000000e+00
-1.174625405066405115e-01
9.347724811495665698e-01
-9.620663568011005307e-01
9.852667068405681627e-01
-9.641203991303183285e-01
9.383839931351501962e-01
-1.000000000000000000e+00
1.000000000000000000e+00
9.293074847211295619e-01
2.474743044017774229e-01
-1.000000000000000000e+00
1.000000000000000000e+00
-1.000000000000000000e+00
-9.800403047465147122e-01
1.000000000000000000e+00
-1.000000000000000000e+00
-1.000000000000000000e+00
-9.580707061227823340e-01
-4.752066285365699194e-01
6.049421162142968322e-01
-4.935004858302529662e-01
1.000000000000000000e+00
9.819993688745435323e-01
1.000000000000000000e+00
-4.480129212802802519e-01
8.920621940646904502e-01
-9.733485442321792025e-01
1.000000000000000000e+00
1.000000000000000000e+00
1.000000000000000000e+00
9.063436142497739434e-01
1.000000000000000000e+00
1.583788228390501374e-01
3.642161466327236141e-01
-4.771189968157614203e-01
-1.000000000000000000e+00
-1.000000000000000000e+00
-1.000000000000000000e+00
1.429301697590827647e-01
-1.000000000000000000e+00
8.807111436852976816e-01
-9.859254203270577666e-01
-2.239691145802745753e-01
9.352926240364662913e-01
-7.966067189578364127e-01
4.399729478354842682e-02
1.502047569682950501e-01
-1.000000000000000000e+00
8.362066651431924180e-01
-1.000000000000000000e+00
4.250836027086138391e-01
-8.049308273638344779e-01
-1.000000000000000000e+00
6.699111808494817577e-02
-5.735604140467078782e-01
7.178243056683556444e-01
-9.418754955039863042e-01
-1.000000000000000000e+00
-9.561429535743882768e-01
-8.906354922570027810e-01
9.964107561825885639e-01
-8.530530098790019000e-01
1.000000000000000000e+00
7.805262125336770440e-01
1.000000000000000000e+00
4.894978975739646687e-01
-8.973473449183937412e-01
1.000000000000000000e+00
-1.000000000000000000e+00
-1.000000000000000000e+00
1.000000000000000000e+00
1.000000000000000000e+00
1.000000000000000000e+00
-6.359383479538497363e-01
-9.178232597993138953e-01
-4.203921985203925571e-01
1.000000000000000000e+00
1.000000000000000000e+00
8.987695569808229479e-01
-1.000000000000000000e+00
1.000000000000000000e+00
1.000000000000000000e+00
3.310586796865598869e-01
1.000000000000000000e+00
7.869351750396360590e-01
6.923617291488470826e-01
-1.000000000000000000e+00
-1.886745704042811500e-01
1.000000000000000000e+00
-1.000000000000000000e+00
-9.529088052074594639e-01
8.354618665734998562e-01
9.835887631258445341e-01
6.399556358788106580e-01
-1.000000000000000000e+00
-1.000000000000000000e+00
9.986152443337041884e-01
-9.416867003219784316e-01
5.523217190302995849e-01
-1.000000000000000000e+00
-9.981358724510256408e-01
-8.694956542987942738e-01
9.845868993263762192e-01
-2.142604612907962891e-01
-1.000000000000000000e+00
5.046314472848540955e-01
9.895855243626692221e-01
7.449839971745033651e-01
-3.392513031650492561e-01
1.000000000000000000e+00
1.000000000000000000e+00
-1.000000000000000000e+00
1.000000000000000000e+00
-9.949323853286852204e-01
-8.432450950430314673e-01
-1.000000000000000000e+00
7.890777183510661041e-01
-1.097429275624450806e-01
-8.910840233508136032e-01
1.000000000000000000e+00
6.867342015486228579e-01
9.491300396867827782e-01
-7.355290543107136925e-01
-5.516024834955397527e-01
-9.837763478825779506e-01
7.173839705699562863e-01
-1.000000000000000000e+00
-2.744290651037571971e-01
-9.841947730883358059e-01
1.000000000000000000e+00
1.000000000000000000e+00
3.139563579644951696e-01
-1.000000000000000000e+00
-3.017110606110731119e-01
-1.000000000000000000e+00
7.876589740207990964e-01
5.684861178494642342e-01
-1.000000000000000000e+00
1.000000000000000000e+00
-6.408932202651841381e-01
1.000000000000000000e+00
1.000000000000000000e+00
-1.000000000000000000e+00
1.000000000000000000e+00
1.000000000000000000e+00
7.189359530667697173e-01
9.781245296248231025e-01
-3.236092904598995568e-01
9.486688666020415273e-01
-1.000000000000000000e+00
-9.935327581641097971e-01
4.089888754446792118e-01
1.000000000000000000e+00
1.000000000000000000e+00
4.857675319030699823e-01
9.147566101814775807e-01
1.000000000000000000e+00
-9.759238332391233506e-01
-9.898633490386337108e-01
-1.000000000000000000e+00
-1.000000000000000000e+00
1.000000000000000000e+00
-1.000000000000000000e+00
-1.764594414668775035e-01
1.000000000000000000e+00
6.746939523909006864e-01
1.000000000000000000e+00
-1.000000000000000000e+00
1.000000000000000000e+00
-2.520172369742142982e-01
-8.803550961570452138e-01
1.000000000000000000e+00
9.931081941413513192e-01
1.000000000000000000e+00
-5.880757793457042082e-01
1.000000000000000000e+00
-9.968148314418956435e-01
1.000000000000000000e+00
1.000000000000000000e+00
-1.000000000000000000e+00
-9.861077158161961620e-01
1.000000000000000000e+00
1.000000000000000000e+00
-9.995069768245956610e-01
7.705238992315481816e-01
6.002558016182993894e-01
9.805680920892148045e-01
1.000000000000000000e+00
-1.000000000000000000e+00
-1.000000000000000000e+00
1.000000000000000000e+00
-1.000000000000000000e+00
-8.715246735025494740e-02
-5.926964105602771093e-01
1.000000000000000000e+00
2.860099746863812853e-01
9.586827618191099409e-01
1.000000000000000000e+00
-1.016503311337621229e-01
1.000000000000000000e+00
9.072000000000000064e-01
9.704577039249095982e-01
-9.686338580961708633e-01
-5.357005232982874343e-01
5.137200039065358270e-01
9.328873397668695500e-01
4.197173290822342473e-01
-8.108614167494970770e-01
-1.000000000000000000e+00
-1.000000000000000000e+00
2.946355115219575493e-01
1.000000000000000000e+00
8.768451021590318861e-01
-9.183174700759211273e-01
1.000000000000000000e+00
-1.000000000000000000e+00
6.940454986245017666e-02
1.000000000000000000e+00
1.000000000000000000e+00
1.000000000000000000e+00
-1.000000000000000000e+00
-1.000000000000000000e+00
1.000000000000000000e+00
