1.000000000000000000e+00
6.555214650542610932e-02
1.000000000000000000e+00
-9.034051816870133367e-01
1.000000000000000000e+00
1.000000000000000000e+00
1.000000000000000000e+00
1.000000000000000000e+00
1.000000000000000000e+00
-8.965220160168676511e-01
7.237800791469244377e-01
-3.432536926600332494e-01
-1.000000000000000000e+00
-1.000000000000000000e+00
-3.491941081798242696e-01
7.874102072107964645e-01
-9.999999997716019218e-01
9.753080549664769894e-01
1.000000000000000000e+00
-9.999999358573269381e-01
-1.000000000000000000e+00
5.363191730407560476e-01
7.439999999999999947e-01
-5.316615953714664000e-01
-1.000000000000000000e+00
7.541788481220040863e-02
-1.000000000000000000e+00
2.131778239805575403e-01
4.363773070921438402e-01
-1.000000000000000000e+00
-1.000000000000000000e+00
9.287909245670632197e-02
-5.455757947267326768e-01
1.000000000000000000e+00
-4.611817988486390241e-01
-8.776303674003353983e-01
-1.000000000000000000e+00
1.000000000000000000e+00
1.000000000000000000e+00
-1.000000000000000000e+00
1.000000000000000000e+00
-1.000000000000000000e+00
-4.164938044079456447e-01
-1.337734936544795750e-01
4.351959281043213945e-01
-1.000000000000000000e+00
-1.000000000000000000e+00
-1.000000000000000000e+00
2.028105393259681810e-01
-1.000000000000000000e+00
-1.000000000000000000e+00
-9.360000000000000542e-01
-5.633560762842823033e-01
-4.427450967585959130e-01
-5.260843458348748447e-01
2.506282127870780863e-01
-1.000000000000000000e+00
-5.313734215562088137e-01
-9.200000356734526763e-01
-9.057814278995075519e-01
-1.000000000000000000e+00
9.789905621611952324e-02
2.813386128539228093e-01
-1.000000000000000000e+00
-9.840000486757987108e-01
-9.309411728997034619e-01
1.000000000000000000e+00
5.659407225524559770e-01
-9.360000000000000542e-01
9.999986055908802740e-01
-1.000000000000000000e+00
3.305235222786853111e-01
-1.000000000000000000e+00
-2.781556119680019257e-01
1.000000000000000000e+00
-9.962189550434714658e-01
1.000000000000000000e+00
1.000000000000000000e+00
1.000000000000000000e+00
-6.795681326823236335e-01
8.990143422382633753e-01
-8.524169111505699448e-01
-1.000000000000000000e+00
-1.000000000000000000e+00
-4.932678327745403934e-01
-1.000000000000000000e+00
-1.000000000000000000e+00
1.000000000000000000e+00
1.000000000000000000e+00
1.345977635967220698e-01
1.000000000000000000e+00
1.000000000000000000e+00
-1.897702952679705402e-01
-2.029012727629048163e-01
-1.000000000000000000e+00
-1.000000000000000000e+00
-1.063014510554018688e-01
8.851410979099099130e-01
-4.473046880185580498e-01
-7.178211313496312140e-01
-1.000000000000000000e+00
9.999999581341245669e-01
-1.000000000000000000e+00
1.000000000000000000e+00
1.000000000000000000e+00
-1.000000000000000000e+00
-2.181716276105765129e-01
1.664012226560702135e-01
-1.000000000000000000e+00
1.000000000000000000e+00
-9.779841967850140261e-01
2.058999697673945806e-01
-1.000000000000000000e+00
6.490568991155578615e-01
-1.000000000000000000e+00
-9.999999999999440448e-01
-9.454132567340975957e-01
1.000000000000000000e+00
-6.950285196106169572e-01
-2.532478420013724030e-01
-5.253638582052767153e-02
1.000000000000000000e+00
-7.156298009716521857e-02
1.000000000000000000e+00
-9.440475308339337790e-01
-2.428079478053145890e-01
1.000000000000000000e+00
-4.616574447550157445e-01
2.282504690448710627e-01
8.333089177566629369e-01
-1.000000000000000000e+00
-1.000000000000000000e+00
8.579553112875381027e-01
4.202099376186747559e-01
-1.000000000000000000e+00
-1.000000000000000000e+00
-1.000000000000000000e+00
9.831014555513440945e-01
-1.000000000000000000e+00
-1.000000000000000000e+00
-9.999999999998101519e-01
-1.000000000000000000e+00
-3.467174174265311160e-01
1.000000000000000000e+00
-4.593657664733159507e-01
-1.000000000000000000e+00
-4.040341348556731327e-01
-1.000000000000000000e+00
2.163771501766932337e-01
9.028381940223354496e-01
1.000000000000000000e+00
1.000000000000000000e+00
9.752598250028031712e-01
7.324257156030951066e-01
1.000000000000000000e+00
-9.999999999889120916e-01
-4.127761974046055826e-01
9.102576516962543884e-01
-9.561342876407110669e-01
3.315185854497687545e-01
-9.961531432757610993e-01
9.832638637654416147e-01
9.185127981106007145e-01
-9.999999191556009359e-01
1.000000000000000000e+00
1.001031056030256966e-01
-7.961239218309977828e-01
1.000000000000000000e+00
-1.000000000000000000e+00
-1.000000000000000000e+00
-1.000000000000000000e+00
-1.000000000000000000e+00
2.182274998954422396e-01
1.000000000000000000e+00
9.994418645842173543e-01
-4.774577887763977735e-01
1.000000000000000000e+00
1.000000000000000000e+00
1.000000000000000000e+00
7.696426705736123530e-01
-1.000000000000000000e+00
-7.915821429480920379e-01
-1.000000000000000000e+00
9.465546989588660143e-01
-8.816225009406768454e-01
1.750374879589166599e-01
3.199713102498836226e-01
3.043709338010907040e-01
6.673794751218435906e-01
-1.000000000000000000e+00
-1.000000000000000000e+00
-9.686874894378439960e-01
1.000000000000000000e+00
1.000000000000000000e+00
-9.704854658851268523e-01
-1.000000000000000000e+00
-4.519435798760692014e-01
1.000000000000000000e+00
1.000000000000000000e+00
-1.000000000000000000e+00
1.000000000000000000e+00
1.000000000000000000e+00
-9.999999996009032444e-01
-1.000000000000000000e+00
1.000000000000000000e+00
1.000000000000000000e+00
7.907332419871327955e-01
-1.000000000000000000e+00
1.000000000000000000e+00
-7.319765536901399194e-01
1.651942633595951115e-01
-1.000000000000000000e+00
1.864725004896514160e-01
1.000000000000000000e+00
1.000000000000000000e+00
1.000000000000000000e+00
-7.477146926915925751e-02
-1.000000000000000000e+00
8.833112317038027683e-01
9.397184282151243018e-01
1.000000000000000000e+00
1.000000000000000000e+00
-1.000000000000000000e+00
1.000000000000000000e+00
1.000000000000000000e+00
-1.000000000000000000e+00
1.000000000000000000e+00
9.018395417421966043e-01
-1.792381854565960331e-01
-9.179563146777114380e-01
1.000000000000000000e+00
1.000000000000000000e+00
1.280420429432638230e-01
1.333500271111436319e-01
1.000000000000000000e+00
-1.000000000000000000e+00
-1.000000000000000000e+00
-9.563838450249325662e-01
1.000000000000000000e+00
1.000000000000000000e+00
-8.994133469447673779e-01
-1.000000000000000000e+00
1.000000000000000000e+00
5.390962761345308163e-01
1.000000000000000000e+00
-9.999999979593456878e-01
-1.000000000000000000e+00
5.166427459401137234e-01
2.400000000000016009e-02
6.957300220492648180e-01
-1.000000000000000000e+00
-1.000000000000000000e+00
1.524440790890476682e-01
-4.759704565865670034e-01
-1.000000000000000000e+00
-5.810373122850170935e-01
8.286103698941718054e-01
1.000000000000000000e+00
9.585253972183002125e-01
1.000000000000000000e+00
9.721116270010737859e-01
9.592906434997674481e-01
-1.000000000000000000e+00
-8.208406422755136767e-01
1.000000000000000000e+00
