-9.998564469534563237e-01
1.000000000000000000e+00
-9.999925648285222790e-01
1.000000000000000000e+00
-1.000000000000000000e+00
-9.999887845470024628e-01
-1.000000000000000000e+00
-1.000000000000000000e+00
1.000000000000000000e+00
1.000000000000000000e+00
9.889873128373376510e-01
-1.000000000000000000e+00
1.000000000000000000e+00
9.987429673780521266e-01
9.651204783084113004e-01
-9.869501479049245241e-01
-1.000000000000000000e+00
-1.000000000000000000e+00
1.000000000000000000e+00
-1.000000000000000000e+00
1.000000000000000000e+00
-1.000000000000000000e+00
9.999785109754670831e-01
-9.942005421216281169e-01
9.999833246726768099e-01
-9.765018064283101928e-01
1.000000000000000000e+00
-1.000000000000000000e+00
-1.000000000000000000e+00
-9.999997959206426978e-01
-1.000000000000000000e+00
-9.990760193952322732e-01
-9.999999999997315481e-01
-9.999999999949791274e-01
-9.998998804495193848e-01
1.000000000000000000e+00
1.000000000000000000e+00
-1.000000000000000000e+00
-9.999999895447164722e-01
-9.995306675918036454e-01
9.999987961047778207e-01
-1.000000000000000000e+00
-1.000000000000000000e+00
-9.997731658133102162e-01
-1.000000000000000000e+00
1.000000000000000000e+00
-1.000000000000000000e+00
-1.000000000000000000e+00
-1.000000000000000000e+00
-1.000000000000000000e+00
-1.000000000000000000e+00
1.000000000000000000e+00
-9.981689517596270544e-01
-9.999974867497668507e-01
1.000000000000000000e+00
-9.999387584373328197e-01
-9.999970623238716438e-01
-1.000000000000000000e+00
1.000000000000000000e+00
-9.999999999573320197e-01
-1.000000000000000000e+00
9.988257361334119677e-01
1.000000000000000000e+00
-9.998777216149696834e-01
1.000000000000000000e+00
-1.000000000000000000e+00
-9.893413643307823468e-01
-1.000000000000000000e+00
9.999652860094649931e-01
-9.999999998714518279e-01
9.992261413623249044e-01
9.987703057135804974e-01
1.000000000000000000e+00
9.998800380936586629e-01
-1.000000000000000000e+00
9.999152678266728378e-01
1.000000000000000000e+00
-1.000000000000000000e+00
9.999999364431150228e-01
-1.000000000000000000e+00
9.999900232538184719e-01
9.999316916628795404e-01
-9.999968919234490938e-01
9.999890181596561289e-01
-1.000000000000000000e+00
-1.000000000000000000e+00
1.000000000000000000e+00
-1.000000000000000000e+00
-1.000000000000000000e+00
-9.999906649535967862e-01
-9.999749228771723786e-01
-1.000000000000000000e+00
-9.879818584523445413e-01
-1.000000000000000000e+00
-9.999976451788281651e-01
1.000000000000000000e+00
-1.000000000000000000e+00
1.000000000000000000e+00
1.000000000000000000e+00
1.000000000000000000e+00
9.999623041998774164e-01
-1.000000000000000000e+00
1.000000000000000000e+00
-9.926964056406081260e-01
-1.000000000000000000e+00
-1.000000000000000000e+00
-9.971419084125594523e-01
-9.972189318054496265e-01
1.000000000000000000e+00
1.000000000000000000e+00
-9.978182863957754112e-01
-9.999997246729686040e-01
1.000000000000000000e+00
-1.000000000000000000e+00
-6.600303806385174887e-01
-1.000000000000000000e+00
1.000000000000000000e+00
9.675954011888886486e-01
1.000000000000000000e+00
1.000000000000000000e+00
9.997025269790025259e-01
1.000000000000000000e+00
-9.886360791555632854e-01
9.998071584395449296e-01
-9.999798627314633315e-01
1.000000000000000000e+00
9.993431287463058199e-01
-1.000000000000000000e+00
-1.000000000000000000e+00
-9.999172258460169438e-01
1.000000000000000000e+00
-9.999868138380588745e-01
-1.000000000000000000e+00
9.999999999605367895e-01
-1.000000000000000000e+00
-9.960728945379520027e-01
1.000000000000000000e+00
1.000000000000000000e+00
1.000000000000000000e+00
1.000000000000000000e+00
1.000000000000000000e+00
-1.000000000000000000e+00
9.999998670460567007e-01
1.000000000000000000e+00
-1.000000000000000000e+00
-9.999997503117691311e-01
1.000000000000000000e+00
-1.000000000000000000e+00
9.973242929379591004e-01
-1.000000000000000000e+00
1.000000000000000000e+00
-9.987449363743774455e-01
9.999998758077862648e-01
-9.969873336280340448e-01
-1.000000000000000000e+00
-9.999998007626758056e-01
-1.000000000000000000e+00
1.000000000000000000e+00
-9.959395630288698786e-01
-9.999501099939963611e-01
-1.000000000000000000e+00
-1.000000000000000000e+00
1.000000000000000000e+00
-9.998151971332106536e-01
1.000000000000000000e+00
9.998180956783062623e-01
-1.000000000000000000e+00
1.000000000000000000e+00
-1.000000000000000000e+00
1.000000000000000000e+00
1.000000000000000000e+00
9.993017194202351572e-01
-1.000000000000000000e+00
-1.000000000000000000e+00
-1.000000000000000000e+00
-1.000000000000000000e+00
-9.513165292307375065e-01
-1.000000000000000000e+00
-9.999998467437010152e-01
1.000000000000000000e+00
-1.000000000000000000e+00
1.000000000000000000e+00
1.000000000000000000e+00
-1.000000000000000000e+00
-9.999999904842051812e-01
9.999554735306337427e-01
-9.999895084882794993e-01
1.000000000000000000e+00
-9.999967349958377438e-01
9.966972043108530688e-01
-9.999981482014262957e-01
1.000000000000000000e+00
9.996874564581627043e-01
1.000000000000000000e+00
1.000000000000000000e+00
9.950800763890230716e-01
9.999725452314417451e-01
9.873189709606930986e-01
1.000000000000000000e+00
9.991462408535958239e-01
9.999561764118671814e-01
-1.000000000000000000e+00
-9.999983097540094956e-01
1.000000000000000000e+00
9.857075265771032546e-01
9.999981235964275905e-01
9.998693020381268504e-01
1.000000000000000000e+00
-1.000000000000000000e+00
-9.999999966539084850e-01
9.782474176493699547e-01
-1.000000000000000000e+00
9.981696783032260045e-01
1.000000000000000000e+00
1.000000000000000000e+00
-1.000000000000000000e+00
9.999999945603184059e-01
9.999981945218698876e-01
-1.000000000000000000e+00
9.999991167318152963e-01
-1.000000000000000000e+00
-9.999931901619556474e-01
-1.000000000000000000e+00
9.999995357942099705e-01
9.988601500230912533e-01
-9.999967093425197184e-01
1.000000000000000000e+00
-1.000000000000000000e+00
9.999636938575766631e-01
9.999924204847333575e-01
-9.999998743900582188e-01
9.970054123942586610e-01
1.000000000000000000e+00
-9.999041120583369580e-01
1.000000000000000000e+00
-8.931434717371635745e-01
-1.000000000000000000e+00
-9.861783252759964702e-01
1.000000000000000000e+00
-9.987616123857896433e-01
-1.000000000000000000e+00
-9.999993430397464689e-01
-9.998564411352679482e-01
-1.000000000000000000e+00
-1.000000000000000000e+00
-1.000000000000000000e+00
1.000000000000000000e+00
9.999999925328828532e-01
9.999994983872519949e-01
-1.000000000000000000e+00
1.000000000000000000e+00
-9.815620790908594628e-01
9.999999997653175043e-01
-1.000000000000000000e+00
-9.997154495086281178e-01
1.000000000000000000e+00
-9.999999999340583035e-01
1.000000000000000000e+00
1.000000000000000000e+00
1.000000000000000000e+00
-9.997266959979163037e-01
-1.000000000000000000e+00
1.000000000000000000e+00
1.000000000000000000e+00
-1.000000000000000000e+00
