1.000000000000000000e+00
1.000000000000000000e+00
6.066282163417714424e-01
-1.102110731558554324e-01
-9.942710542014415731e-02
1.000000000000000000e+00
-9.865251666600194369e-01
-1.000000000000000000e+00
1.000000000000000000e+00
-1.857799010062188283e-01
-6.593023442382395238e-01
5.771418349776911150e-01
-1.000000000000000000e+00
-6.793468212265350026e-01
-6.765160796048823588e-01
4.707120191645856599e-01
1.000000000000000000e+00
-4.217381598077379334e-01
1.000000000000000000e+00
5.474469149298587523e-01
-1.000000000000000000e+00
1.000000000000000000e+00
-6.774488955039773552e-01
-4.702160111423941968e-01
4.786842304615235855e-01
4.503177990773093997e-01
1.000000000000000000e+00
7.024853366617136441e-01
4.014424173662037298e-01
-2.700895288666107508e-01
-4.382430968141127203e-01
-8.000417684727747503e-01
7.612746892224344641e-01
-9.812886129824969217e-01
-6.124739825371650070e-03
-3.699138833874744958e-01
-4.595344231478013519e-01
1.000000000000000000e+00
7.260888973268442292e-01
-2.730342594291235159e-01
7.214129245792391121e-01
-8.748327560141107018e-01
-2.725631181672840686e-01
-4.145589675012337771e-01
1.000000000000000000e+00
-2.488122228762201793e-01
-4.905850507873292243e-01
-1.334822338722863044e-02
-1.000000000000000000e+00
2.951898039775077698e-02
1.000000000000000000e+00
-1.307771509264263332e-01
4.267223975990908080e-01
-1.000000000000000000e+00
-1.106753504130935650e-01
-1.000000000000000000e+00
-2.222276527937577795e-03
-1.000000000000000000e+00
1.000000000000000000e+00
-1.527217459846199610e-01
1.000000000000000000e+00
4.867718709032953228e-01
-5.077356508441637217e-01
2.216879427019093352e-01
-1.000000000000000000e+00
4.786079949942162459e-01
-1.000000000000000000e+00
-1.000000000000000000e+00
6.054692114017317106e-01
5.382836955048269090e-01
7.311041774165818463e-01
-9.533455951559199892e-01
5.275622657125008663e-01
-1.000000000000000000e+00
-6.370713600615940386e-01
9.561703554530434079e-01
1.000000000000000000e+00
3.972211060725417964e-01
2.799934094950616847e-01
1.000000000000000000e+00
1.000000000000000000e+00
-1.000000000000000000e+00
-4.809698496148462343e-01
-2.756609771526701835e-01
3.423840531888027172e-01
-3.986368543090941241e-01
-3.565308318383463293e-01
5.518685744799978199e-01
-7.067183953934195184e-01
1.000000000000000000e+00
1.070550543093873319e-01
-1.000000000000000000e+00
1.000000000000000000e+00
-9.292375587010990312e-01
3.599102443155451914e-01
-9.551841721899871906e-01
6.724809252612569122e-01
-4.323426178507670525e-01
-1.000000000000000000e+00
1.000000000000000000e+00
-2.559167212736225272e-01
1.000000000000000000e+00
5.848034290752051056e-01
-2.259020146116773597e-01
-1.176113583684416652e-01
1.992237427182463605e-01
-1.000000000000000000e+00
-6.035106353117811739e-01
3.189910020342872077e-01
7.827375769112213666e-01
-8.850850729171304554e-01
-3.338293961552447620e-01
7.112905671308389355e-01
-9.539357450105903080e-01
2.785175939381644150e-02
-2.760209647441455028e-01
-1.000000000000000000e+00
-5.814357188904707430e-01
-1.000000000000000000e+00
6.046582297325799882e-01
-5.299897871695480323e-01
5.587118104851518385e-02
-1.000000000000000000e+00
-7.819980610686556588e-01
-1.000000000000000000e+00
-1.000000000000000000e+00
-6.472987554255210663e-01
-8.940733304562855643e-01
-2.381950485551632690e-01
-4.076848669367572064e-01
-8.291095711268658963e-02
-9.843216571973973927e-01
9.503453651424947912e-01
-8.934860325998683628e-01
-6.603070495621148339e-01
-9.462900165655848683e-01
7.509329505045461151e-01
-8.471248656084412465e-01
6.571142734591670642e-01
-3.527807061443897774e-01
1.000000000000000000e+00
1.418759242695797340e-01
1.000000000000000000e+00
1.000000000000000000e+00
-2.001533565603959564e-01
6.732870808303619281e-01
-3.951404239540440289e-02
3.525971420067194328e-01
4.564038214498322699e-02
1.000000000000000000e+00
-2.803130728548643980e-01
7.426894367772333139e-01
2.719067595084104227e-01
1.000000000000000000e+00
-2.175621095191118959e-01
3.317495260392864243e-01
-9.106702070764187418e-02
8.580606204512863933e-01
-6.480127960699836320e-01
-5.010547945799235237e-01
-1.000000000000000000e+00
2.774492537170093476e-01
9.666112656270271497e-01
9.956942613896530014e-01
-1.000000000000000000e+00
6.730241040684610265e-01
-1.893023377923203077e-02
-6.009497712370963640e-01
-1.000000000000000000e+00
-4.293378732065472603e-01
-2.244413724718040404e-01
-1.000000000000000000e+00
4.469711243299561154e-01
-4.344568348752776421e-01
7.538858997678909990e-01
-1.000000000000000000e+00
-1.000000000000000000e+00
-4.093817362880278754e-01
-8.476206179570150434e-02
7.200266949405929040e-01
3.315491371527525266e-01
5.552577851226990768e-01
-2.279568599667677053e-01
-1.000000000000000000e+00
4.050368279149789141e-01
3.349170174723062332e-02
1.000000000000000000e+00
-3.669234227022783457e-01
3.719589794767556579e-01
-1.000000000000000000e+00
1.373683109763439159e-01
-7.271757188665632921e-01
9.619388764918003487e-02
-5.097513252953754792e-01
-3.748531559567198634e-01
-9.609919450568005228e-01
9.326832807679548143e-01
7.268488873517017224e-01
3.980277283814276923e-01
-1.000000000000000000e+00
-2.429235679386641811e-01
1.000000000000000000e+00
-3.307565357206434520e-01
-5.347658869342719612e-01
4.789259251047373045e-01
3.793126940272579795e-01
3.972956678102157468e-02
1.000000000000000000e+00
1.000000000000000000e+00
4.972726579011775838e-01
-1.000000000000000000e+00
-4.549572199055414989e-01
4.547871417172176245e-01
7.032497963148394149e-01
1.000000000000000000e+00
-1.000000000000000000e+00
-1.000000000000000000e+00
-1.000000000000000000e+00
-3.525853062633944046e-01
-3.804148842475473247e-01
-6.531387410333603372e-01
1.000000000000000000e+00
9.456666539464990695e-01
8.530247087515772098e-01
-1.000000000000000000e+00
-1.000000000000000000e+00
1.000000000000000000e+00
1.000000000000000000e+00
1.000000000000000000e+00
-6.366922692868497435e-01
5.518409358436826562e-01
-1.000000000000000000e+00
-2.393375621431803602e-01
-6.324446684109170658e-01
9.764832217442325213e-01
-2.917098233999395607e-01
5.997663680027698341e-01
9.182356976252228353e-01
5.421709064608009054e-01
-7.606204899268722563e-01
-2.314817030578439905e-01
-1.289501614431072252e-01
-8.609506961529451718e-01
-5.288286742186785183e-01
7.422369614485457845e-02
4.548363085670605876e-01
-4.960494560145560783e-01
-1.925964598245573089e-01
5.011463849915398505e-01
-8.370105174612845200e-01
-1.866922555060985811e-01
-7.719240400011795344e-01
4.270751550257960716e-01
8.998290136822562069e-02
-8.452416480130164889e-01
6.057575279330980056e-01
-2.834603133188542401e-01
9.722092369247530286e-01
2.072516170568983185e-02
6.543483555461417911e-01
6.121223485051330293e-02
3.807610406467114572e-01
-4.863135527907569422e-01
-3.086877922053998802e-01
1.552665140027520430e-02
