6.832264654248125790e-01
-1.616542758462849450e-01
6.777377653299752058e-01
1.000000000000000000e+00
8.389566021266686713e-02
-5.491713003727670683e-01
3.613418810954828753e-01
1.000000000000000000e+00
4.135659738312924549e-01
-6.427621303194690494e-01
2.223574733251590940e-01
4.012530960838104899e-01
-1.000000000000000000e+00
5.426333120438885382e-01
1.000000000000000000e+00
4.486123226869708769e-01
9.791618743808501169e-01
-3.979147049044215456e-01
6.761555904759397606e-02
-1.583251287994028034e-02
8.261334273857303678e-01
-8.328472613590295337e-01
7.379403308771411707e-01
-1.000000000000000000e+00
-1.000000000000000000e+00
7.196638087238165227e-01
-4.200307816122456073e-01
1.000000000000000000e+00
6.934763253875765310e-01
5.643385950006666457e-02
-7.394187142299515902e-02
-1.000000000000000000e+00
9.927870397727430740e-01
7.427257146252382869e-01
-1.286745216341032283e-01
-5.846262873227227042e-01
-9.008666422067426183e-01
1.184124366395595540e-01
-1.000000000000000000e+00
9.483908446461861708e-01
2.130628394089501276e-01
8.387691530501541204e-02
3.027225067321207552e-01
3.300016337618447149e-01
-1.299724579914625089e-01
-2.572289336896522727e-01
-9.359122148066961744e-02
-5.084571958754351417e-01
5.506076485867376080e-01
9.652884078291856795e-02
-1.000000000000000000e+00
1.714831144482480974e-01
1.000000000000000000e+00
-1.000000000000000000e+00
-8.900779792245612221e-01
4.515816350423358383e-01
-7.784479308405511944e-01
-1.000000000000000000e+00
-1.000000000000000000e+00
5.003458125204554019e-01
-2.477520549903951264e-02
4.084817523796585581e-01
-1.000000000000000000e+00
-3.015403595630234412e-01
-7.074812342674785537e-02
2.606313022465510665e-01
-9.637837027287974312e-01
-2.851619507234491313e-01
-1.702174113976325787e-01
8.909494046725774385e-01
-1.592492931011268986e-02
6.713217211497831682e-01
1.000000000000000000e+00
-1.000000000000000000e+00
-2.351666053772079046e-01
3.192220456838082976e-01
1.000000000000000000e+00
7.883482607525948982e-01
1.000000000000000000e+00
4.043022579457805632e-01
-9.088394465243121445e-03
2.546433472326430913e-01
-4.001782288242795582e-01
-7.338539323871242637e-01
3.862790334666829084e-01
1.000000000000000000e+00
-9.831790614879261092e-01
2.336496790146378455e-01
1.000000000000000000e+00
-5.960098175319158420e-01
1.000000000000000000e+00
3.662713712744913863e-02
6.868566492131684686e-01
-1.000000000000000000e+00
-1.278914841333451125e-01
-1.000000000000000000e+00
9.521541614690747224e-01
-1.000000000000000000e+00
-1.000000000000000000e+00
-2.583422954615961498e-01
-7.981397638772405045e-01
3.739931227141574666e-01
6.846003234318548403e-02
4.403636963906523705e-02
4.125061093796833500e-01
-6.321814230087653419e-01
-1.377363434999849812e-01
-1.000000000000000000e+00
-7.307104024265995701e-01
1.000000000000000000e+00
-9.174914522875221579e-01
-1.000000000000000000e+00
5.584697788089361126e-01
-1.000000000000000000e+00
-1.000000000000000000e+00
-4.566972730011106818e-01
8.230328749950910350e-01
-1.000000000000000000e+00
9.680072939970187917e-01
-2.315727469303990593e-01
-4.545843541484433925e-01
-1.110745958799908006e-01
4.191133047947192547e-01
9.345802998789409788e-02
9.630708014534329342e-01
2.813972037604190457e-01
-2.772997487929734772e-01
-2.304428496003151638e-01
-2.811670095342150288e-01
3.240271754977310237e-01
-8.019943455273875754e-01
-2.765012118410678510e-01
1.000000000000000000e+00
1.000000000000000000e+00
1.000000000000000000e+00
-5.350532677993058428e-02
3.814898209531027984e-01
7.414340354858944826e-02
6.156289072061366108e-01
1.529096515285494062e-02
-9.891460469659310584e-02
8.052989724393297966e-01
5.400851432363980020e-01
-1.000000000000000000e+00
-7.671809848609217886e-02
-2.155380487689061708e-01
-3.740394130307995169e-01
1.000000000000000000e+00
2.933487773934122522e-01
-1.000000000000000000e+00
-8.985870116356778903e-01
1.000000000000000000e+00
-4.717938927248417347e-01
-1.000000000000000000e+00
-3.500354621185297610e-02
6.912204079952244395e-01
1.000000000000000000e+00
-1.000000000000000000e+00
3.538186828856210719e-01
1.261294350502693007e-01
-4.282396718307520528e-02
-1.000000000000000000e+00
1.000000000000000000e+00
1.934630531674326123e-02
-1.000000000000000000e+00
2.988808570379642426e-01
6.764431405157953492e-01
1.000000000000000000e+00
1.000000000000000000e+00
6.880819445345076613e-02
-1.000000000000000000e+00
-3.912385061351357218e-01
3.957998641532124440e-01
6.376613050258208570e-01
-1.000000000000000000e+00
7.602323548588835189e-02
1.000000000000000000e+00
-5.096614848576256351e-01
-3.021488613513066412e-01
2.947905568122065612e-01
9.948984449677471531e-01
-4.691902096679744227e-01
5.233708223438496843e-01
1.000000000000000000e+00
-8.830936418217090189e-01
-3.975722498452625153e-01
6.933473925923143710e-01
-4.220808895505898106e-03
5.664519099369292876e-01
2.217978333918603218e-01
-5.063380061437601221e-01
-8.071893049070109072e-01
5.699629292941289505e-01
-3.696727852564444250e-01
-1.000000000000000000e+00
-3.542055372469942731e-01
4.671089311332488059e-01
1.602887543296990236e-01
-1.000000000000000000e+00
4.613371958414697743e-02
7.818235611522122985e-01
-8.438688778772838184e-01
4.375490831491781196e-01
2.292453333579250185e-01
8.363635136325999753e-01
-1.769099343659060741e-01
1.000000000000000000e+00
4.849506446197486831e-01
4.643285701428802037e-01
-4.485737610250306595e-02
-7.170626614658359710e-01
2.685059979981949674e-01
-2.093173467493392170e-01
8.798454581327603830e-01
1.427673920115872797e-01
5.755032803640431904e-01
-3.561473565364805527e-01
-1.407012079568028540e-01
4.556109889058761464e-01
3.541219966733666347e-01
6.312605186285322745e-01
-9.135219458942611670e-01
-9.339502722281245450e-01
8.284491410617578211e-02
-6.794987651592423461e-01
-7.876675014574134881e-01
-8.324394082373074433e-01
4.352401935780925157e-02
4.812933403880270689e-01
-4.515052574821274423e-01
-1.729366899321347351e-01
6.027406494341738252e-01
2.191957084952889101e-01
7.126247917955241817e-03
-6.298162139458702846e-01
6.827859346707665367e-01
7.200924862550579508e-01
5.508196246641718918e-01
-6.818572195414929205e-02
8.731332174832542314e-01
-5.392453249181030639e-01
4.467178986891242598e-01
-9.431724081499681667e-01
-1.079566072593123316e-01
9.286919125956005772e-01
1.343608499348523111e-01
4.367419905350953258e-01
8.148522959528010645e-01
-7.757798261124799755e-01
3.169329342307336539e-02
4.210843849834198238e-01
-9.934141455253782116e-01
8.929507883141902802e-01
2.062470264277687093e-01
-7.797843969451647705e-01
4.902766667966707015e-01
-7.905714268887895635e-01
5.041576404439056525e-01
2.560858758786075384e-01
-1.272533095606178666e-01
-2.421140074474259496e-01
4.566018703563012870e-02
6.958141927241308089e-01
-9.529596119536425380e-01
3.633346083284010319e-01
