-1.000000000000000000e+00
2.848463368329732792e-01
6.348809667359418540e-01
-8.076220654423558187e-01
9.066535658677474796e-01
-8.063616598970325955e-02
1.514490123462379212e-01
-1.000000000000000000e+00
2.535065238769855234e-01
9.458741269621799841e-01
-2.732174334359552259e-01
-1.000000000000000000e+00
-7.355408919015706815e-01
-1.000000000000000000e+00
-3.966898792301384868e-01
-1.000000000000000000e+00
-7.009007868422254539e-01
6.795790604214604347e-01
5.302430087457271624e-01
4.717029789735802670e-01
-8.002562911739735663e-02
2.859847702217078735e-01
4.839270924706020605e-01
1.000000000000000000e+00
-7.174183458950635917e-01
7.642542719794240824e-01
5.596335933525091733e-01
4.072457818190600154e-02
-1.000000000000000000e+00
9.931159379407985544e-01
-1.000000000000000000e+00
-4.074680088932715605e-01
-3.092950954175893719e-01
7.781656063610358220e-01
3.669710705636725079e-01
-9.684586913526387342e-01
-7.715986225411823884e-01
-7.337992910093076304e-01
-1.000000000000000000e+00
-1.000000000000000000e+00
1.471398952529886506e-01
-1.000000000000000000e+00
-9.025994507044708959e-01
6.426187711473959618e-01
-1.337212256251862907e-02
1.000000000000000000e+00
7.356233597691597126e-01
-9.357679841503113716e-01
-1.000000000000000000e+00
1.000000000000000000e+00
-4.101772733554002182e-01
-1.000000000000000000e+00
1.000000000000000000e+00
-3.758729598219162082e-01
4.891851072710274306e-01
-1.061246745283152548e-01
1.000000000000000000e+00
1.000000000000000000e+00
1.000000000000000000e+00
4.443784299459194176e-01
-5.909868112488030345e-01
8.073079973525206787e-01
1.000000000000000000e+00
9.617684171009160954e-01
9.406596344267665888e-01
-1.000000000000000000e+00
6.293106236830984246e-01
-6.483140977669246130e-01
2.271475491429285620e-01
8.524470665772760913e-01
-1.183250635320434452e-01
-6.912112969267267815e-01
-2.476990202726139234e-01
-9.765194358305931965e-01
1.886353600223879823e-01
-3.175052040001367093e-01
1.000000000000000000e+00
-1.000000000000000000e+00
-3.366717389179921804e-01
-7.005624541310278008e-01
-7.855943102866775885e-01
-1.320423318464016837e-01
-2.762270204804078144e-01
1.544325320863462470e-01
-1.000000000000000000e+00
-6.200336151235532611e-01
-4.549079994418107065e-01
-6.018941191604877394e-01
1.000000000000000000e+00
-5.882968637690342284e-01
4.727315498061699373e-01
2.298657694971518728e-01
1.000000000000000000e+00
-2.574615314126448840e-01
-1.000000000000000000e+00
1.000000000000000000e+00
-1.000000000000000000e+00
2.767802401476067153e-01
-5.817619352214686845e-01
3.672328157687008154e-01
7.231382812315330089e-01
-6.631342084341647347e-02
-1.000000000000000000e+00
5.728852997212391385e-01
9.070054494572826753e-01
-6.658310419851842799e-01
1.000000000000000000e+00
-1.000000000000000000e+00
1.846462874163343759e-01
-1.000000000000000000e+00
-8.822511299239812477e-01
1.000000000000000000e+00
9.436422444353492756e-02
6.063289693124507274e-01
1.000000000000000000e+00
-7.229201127348250377e-01
7.849791453156600429e-01
1.000000000000000000e+00
-1.658213200929042619e-01
-6.789287034435131929e-01
3.350174809296022072e-01
-1.000000000000000000e+00
3.857172436398434989e-01
-5.368425386101189911e-01
9.518570039437880270e-01
1.000000000000000000e+00
-1.000000000000000000e+00
4.490278047196690769e-01
-9.442196199246419841e-01
-6.687509018610734435e-01
-6.246903361268132393e-01
1.000000000000000000e+00
-1.000000000000000000e+00
1.000000000000000000e+00
-1.500389517538044948e-01
4.127134043597929791e-02
-3.801260529366940477e-01
8.335368334803008317e-01
2.839254015529937281e-01
-3.751193801153157592e-02
1.000000000000000000e+00
-1.000000000000000000e+00
1.000000000000000000e+00
-2.341630848924469988e-01
2.748833112265109957e-01
-8.430615604545934616e-01
8.541878572334863362e-01
-1.421642317383241538e-01
8.752046223345477660e-01
-1.000000000000000000e+00
6.650617469813402405e-01
1.000000000000000000e+00
7.840193599338164399e-01
2.791373186961059183e-01
-5.539945571140769687e-01
1.000000000000000000e+00
-4.100535596200827193e-03
1.000000000000000000e+00
-7.522404823592179213e-01
1.000000000000000000e+00
-1.000000000000000000e+00
-9.763698973884227250e-02
-1.000000000000000000e+00
1.184374408441312698e-01
-1.000000000000000000e+00
3.542805966051109645e-01
-1.000000000000000000e+00
-1.691717360973164774e-01
1.000000000000000000e+00
-9.901952296618209415e-01
-3.926995181575750338e-01
-8.264682206489490923e-01
-1.000000000000000000e+00
-5.841786770227346270e-01
1.000000000000000000e+00
5.085052602001736144e-01
-8.310117157668642784e-01
-1.000000000000000000e+00
-1.000000000000000000e+00
-6.204384470578293564e-01
-3.029813687521735743e-01
-1.332185011246527218e-01
-1.000000000000000000e+00
-4.457757244104401106e-01
-4.953968493371277981e-01
-1.000000000000000000e+00
4.707549351317091291e-01
-2.916786920264204941e-01
8.484511013992638295e-01
1.000000000000000000e+00
1.360069701258482255e-01
1.000000000000000000e+00
9.949113764491022138e-01
-3.041762026165890087e-01
-8.760844697055345520e-01
-8.043410201261702586e-01
-1.000000000000000000e+00
-3.145983429686944333e-01
-1.000000000000000000e+00
-1.000000000000000000e+00
-3.467930678371622388e-02
-3.184494457383917343e-01
6.953340061300453678e-01
-7.026198151592299990e-01
-9.938030846708698629e-01
-3.510551383461664732e-01
-9.447361784881730395e-02
6.052807497598088338e-01
-4.617065423161064719e-01
9.666697570333133704e-01
-1.000000000000000000e+00
3.351562470465763166e-02
1.000000000000000000e+00
1.000000000000000000e+00
-8.933331807389826018e-01
1.000000000000000000e+00
1.000000000000000000e+00
-1.495418800602165144e-01
5.680062561766844320e-01
3.763588768654799743e-01
-1.000000000000000000e+00
-1.000000000000000000e+00
5.052881215018688588e-01
-1.000000000000000000e+00
-4.654947371584302052e-01
1.000000000000000000e+00
-9.762567078045963909e-02
6.804967810759303681e-01
-3.483521627461865777e-01
2.870645200760895688e-01
-1.000000000000000000e+00
-8.920930443559837997e-01
-5.832584568688690130e-01
-6.676786540933314917e-01
-7.872727803179053740e-01
-4.635955727614557986e-01
7.965034414232217141e-01
6.754548188870319603e-01
3.646218281363107216e-01
8.625607537686397208e-02
4.872584254946532578e-01
-6.945010942438667456e-01
-5.583602646308472028e-01
-8.171987441851713552e-01
1.505326126982731161e-02
-8.348002191165271313e-02
-3.903324685298765750e-01
-6.723890491501416378e-01
-1.140325458414450654e-01
-4.227884274727489178e-01
7.152884288440717331e-01
-5.197178117427319055e-01
-7.603297071066872359e-01
9.924338330807487285e-01
7.845266164848405666e-01
-2.517651558379523369e-01
8.554166910727347695e-01
9.445414146336175154e-01
4.653596271095139514e-02
7.092224934925752677e-01
7.250683285102921261e-01
8.632335197028329077e-03
3.459802838719605589e-03
-1.615720866613610252e-01
6.410017595989914163e-01
