4.600803323754842911e-01
4.488136751981182115e-01
-5.344229152308368480e-01
-9.899528596075428677e-01
-1.736772704619615748e-01
9.260801694494988912e-01
-8.819939926263267171e-01
8.386553894438020240e-01
4.123328755220014852e-01
7.385743082010232108e-02
9.836153565306746671e-01
-4.984426626034765828e-01
-9.813964786472737512e-01
-6.011102039317079981e-01
6.960469835278901840e-01
-1.406184569475019686e-01
-7.434254997163398659e-01
-1.248328101545701507e-01
-1.864877348358162656e-01
-3.529319786346230003e-02
-6.459737570737924539e-01
-6.160995379937315164e-01
7.352127220681574649e-01
-7.078481212727005811e-01
-8.497208898019659173e-02
6.887542226235843223e-01
6.871139166578088542e-01
4.837267591083649343e-01
4.890572603507863381e-01
4.669538685431469105e-01
1.719995376439196200e-01
-6.626986420137286338e-01
8.712999598667579004e-01
9.545241855259309904e-01
6.160759240784514645e-01
9.414891765524775469e-01
-5.714919178701205471e-01
-9.685848176497224848e-01
9.872253395540229182e-01
4.349465195500206161e-01
7.361787661814331862e-01
-5.130034693880789476e-01
-9.959869025793122166e-01
-1.312833118589562531e-01
1.743747231171550727e-01
-4.250085804717373961e-01
4.685336002087021612e-01
-8.478597999096273430e-01
3.895755641805409564e-01
-8.806907088959312624e-01
8.206856689656567561e-01
-8.887156957232984489e-01
-1.113319581665923597e-01
2.008531739915628833e-01
-5.011034985010314191e-01
8.604481508756345320e-01
3.119120021362324913e-01
2.407504947104122106e-01
3.830820873507099211e-01
8.486396484477773949e-01
3.678480023529884235e-01
-4.942872432840215158e-01
-3.956949545814429925e-01
-2.006832679222090299e-01
6.743109267023978948e-01
6.495829072726060360e-01
7.942311206198551243e-01
-2.258670958628385961e-01
7.379096038969130689e-01
-7.635724783745079236e-03
-3.265476166263767688e-01
-7.624407463816886832e-01
-6.616330848460518776e-01
-7.467421257531792200e-02
9.023939885565026575e-01
8.299768098960558227e-01
5.197796935992236023e-01
8.901872889139665901e-01
8.133211514613347681e-01
-5.765830710695674099e-01
-4.975002113680877525e-01
4.353339127119877361e-01
5.707829168133413678e-01
4.801435436361334297e-01
5.438725340400942798e-01
9.696310172103814740e-01
-4.530504507225383559e-01
2.881890897290195763e-01
-9.995057613842091015e-01
-5.653931439328805375e-01
-5.578795070451898486e-01
-7.177503076394187165e-01
-3.684992600354353165e-01
9.880971922095471704e-02
1.634506591383686480e-01
8.902651802684411475e-01
2.522381247085219158e-01
-6.990962131707538774e-01
5.375884121928642401e-02
2.613897610727415888e-01
-2.768264683994070552e-01
-2.058382048467739533e-01
-5.650329589859262036e-01
-4.970946482595768323e-01
1.351103726561542206e-01
3.229266561403090208e-01
-1.972736628405640236e-01
-9.310131283649059064e-01
-3.412725649006675965e-02
2.900038201805033022e-01
-6.976296847396654677e-01
-5.079418979766963105e-01
3.678641702686686887e-01
4.860307276029631751e-01
-9.701290793496446518e-01
5.952308270670725321e-02
-2.725892024170368799e-01
-4.820734175075997996e-01
2.368581160631033633e-01
-7.122397199763588205e-01
4.015100938177511569e-01
-2.729640108736584025e-01
4.579128557004352729e-02
-9.909689490812643164e-01
4.151404001152592116e-01
-1.183178488776839288e-01
-6.735064876714162985e-01
5.988438029285556574e-01
7.771389740162013560e-01
-1.704728871167591198e-01
8.268140912744634807e-01
-3.439885393498784971e-01
-1.102078944374256242e-01
-5.008541857575716794e-01
1.304269639934882985e-01
-4.753939361438945799e-01
1.675907463372132700e-01
3.018489276181794967e-01
-3.965196397817973839e-01
4.353687550832121556e-01
9.632210749440022202e-01
-7.804164649957359146e-01
-8.833987426136193921e-01
-9.195443329706127766e-01
9.356892356408410549e-01
1.425331640759894825e-01
2.809297887546218231e-01
-4.852554044008947631e-01
-4.311820770312662088e-01
-1.525197849617616619e-01
-5.985635538289015845e-01
7.257909426156070598e-01
7.016584222372770352e-01
-1.537882757583344251e-01
7.432358494720563424e-01
6.203534745090431013e-01
-6.240195833614496923e-01
-1.395032482877849311e-01
-7.677216414277454604e-02
-7.554029158052373294e-01
4.276264060083885266e-01
6.752835117764874884e-01
4.998483289071471436e-01
3.584871627407604233e-01
-8.824303768416934535e-01
-9.180237244312274836e-01
-7.393175650008465549e-01
-9.431974618758447448e-01
-3.089378117156942327e-01
-7.596036155156353775e-01
-7.025366218013926467e-01
9.795526581038171976e-02
-5.336778986888219833e-01
-1.803479029532706335e-03
6.702219357102605635e-01
6.970187471118096667e-01
2.173650701876355118e-01
-1.717836872899753953e-01
2.535398664978369965e-01
-7.101696031678876864e-01
3.980964294809867798e-01
7.527122577251150748e-01
1.828404087526782629e-01
-9.200729340539082202e-01
3.794263983292918141e-01
-2.810798139456005540e-01
6.883052098657262974e-01
1.765903186116291046e-01
7.684925849128760866e-01
-6.272816167121877395e-01
8.217191009363471466e-01
-6.667938703601872241e-01
-2.217724472746811504e-01
7.474754677998796115e-01
2.509554614145006468e-01
-2.527333097090540548e-01
1.787047386013234096e-01
4.344519929653309909e-01
7.860733826337376051e-01
-2.396852862282685681e-01
3.465400079176319537e-01
-1.802793645566236336e-01
9.107231451570978464e-01
-5.082905156957642223e-01
2.537301363909110208e-01
2.351500823232173243e-01
-1.341174716194120098e-01
-1.710704242463023661e-02
-2.661689907868638461e-01
-6.409005861763945600e-01
-4.859999255562159060e-01
1.000000000000000000e+00
-3.753996587520336270e-01
3.474908989331648712e-02
1.000000000000000000e+00
-1.000000000000000000e+00
3.685480588421461978e-01
1.000000000000000000e+00
-3.873764386598618215e-01
8.994903136064396065e-01
1.000000000000000000e+00
-1.721090508935855801e-01
-7.589178901009192568e-01
1.000000000000000000e+00
1.000000000000000000e+00
-8.100150564672866649e-01
1.000000000000000000e+00
2.818883297504743979e-01
1.000000000000000000e+00
-7.345872407796718573e-01
1.000000000000000000e+00
1.000000000000000000e+00
-1.214691460658441358e-01
1.000000000000000000e+00
-7.596881559336130518e-01
-1.000000000000000000e+00
-5.581800087280882616e-01
1.000000000000000000e+00
1.000000000000000000e+00
-5.660005598936130866e-01
-6.237306012041159420e-01
-1.000000000000000000e+00
1.000000000000000000e+00
-6.621468912500481085e-01
-2.788691579648928665e-01
1.000000000000000000e+00
-1.000000000000000000e+00
-6.694627120424156974e-01
-1.625403921930514972e-01
8.731163686527854129e-02
1.000000000000000000e+00
-8.400460988578042354e-01
-5.034255222577157518e-01
3.126826996116388591e-01
-4.595803502424713471e-01
6.462829784709465120e-01
-7.776228050959561600e-01
5.507529032464941743e-02
-1.117750111634725485e-01
-6.640365271411206027e-01
5.135207996347215254e-01
6.176671580342174561e-01
-7.590670856329373439e-01
6.257002552661141692e-01
1.890096722558720632e-01
