1.000000000000000000e+00
-1.000000000000000000e+00
1.000000000000000000e+00
1.000000000000000000e+00
1.000000000000000000e+00
-1.000000000000000000e+00
1.000000000000000000e+00
-1.000000000000000000e+00
1.000000000000000000e+00
1.000000000000000000e+00
1.000000000000000000e+00
-1.000000000000000000e+00
-1.000000000000000000e+00
1.000000000000000000e+00
1.000000000000000000e+00
1.000000000000000000e+00
-1.000000000000000000e+00
-9.010874067142715660e-01
1.000000000000000000e+00
-1.000000000000000000e+00
-1.000000000000000000e+00
1.000000000000000000e+00
1.000000000000000000e+00
-7.351945890269263595e-01
-1.000000000000000000e+00
-1.000000000000000000e+00
1.000000000000000000e+00
-1.000000000000000000e+00
1.000000000000000000e+00
1.000000000000000000e+00
-9.258727932240339298e-01
-1.000000000000000000e+00
1.000000000000000000e+00
-1.000000000000000000e+00
-1.000000000000000000e+00
1.000000000000000000e+00
-1.000000000000000000e+00
1.000000000000000000e+00
1.000000000000000000e+00
-1.000000000000000000e+00
-1.000000000000000000e+00
1.000000000000000000e+00
1.000000000000000000e+00
-1.000000000000000000e+00
-1.000000000000000000e+00
4.017504205770549008e-01
1.000000000000000000e+00
9.232743466086594797e-01
1.000000000000000000e+00
7.409245294581355834e-01
8.511549803537458159e-01
1.000000000000000000e+00
-8.758203065744103455e-01
-1.000000000000000000e+00
-1.000000000000000000e+00
1.000000000000000000e+00
-1.000000000000000000e+00
-1.000000000000000000e+00
1.000000000000000000e+00
1.000000000000000000e+00
1.000000000000000000e+00
-6.292518871047497742e-01
1.000000000000000000e+00
-1.000000000000000000e+00
-1.000000000000000000e+00
1.000000000000000000e+00
1.000000000000000000e+00
1.000000000000000000e+00
-1.000000000000000000e+00
-1.000000000000000000e+00
6.000000000000000888e-01
-1.000000000000000000e+00
-1.000000000000000000e+00
1.000000000000000000e+00
-1.000000000000000000e+00
-1.000000000000000000e+00
-1.000000000000000000e+00
1.000000000000000000e+00
-1.000000000000000000e+00
-1.000000000000000000e+00
1.000000000000000000e+00
-1.000000000000000000e+00
1.000000000000000000e+00
1.000000000000000000e+00
-6.160000000000001030e-01
-1.000000000000000000e+00
-1.000000000000000000e+00
-1.000000000000000000e+00
-1.000000000000000000e+00
-1.000000000000000000e+00
1.000000000000000000e+00
1.000000000000000000e+00
1.000000000000000000e+00
-1.000000000000000000e+00
1.000000000000000000e+00
-1.000000000000000000e+00
1.000000000000000000e+00
1.000000000000000000e+00
-1.000000000000000000e+00
-7.467310575084171731e-01
-1.000000000000000000e+00
1.000000000000000000e+00
1.000000000000000000e+00
1.000000000000000000e+00
-1.000000000000000000e+00
1.000000000000000000e+00
1.000000000000000000e+00
-1.000000000000000000e+00
9.210404142954875528e-01
-1.000000000000000000e+00
-1.000000000000000000e+00
1.000000000000000000e+00
-1.000000000000000000e+00
-9.890111002654298211e-01
-1.000000000000000000e+00
1.000000000000000000e+00
-9.969928893068480402e-01
-1.000000000000000000e+00
-1.000000000000000000e+00
1.000000000000000000e+00
6.025359338740186033e-01
1.000000000000000000e+00
1.382826882165861804e-01
-3.864784491638165176e-01
-1.000000000000000000e+00
-1.000000000000000000e+00
-9.865695543421256763e-01
1.000000000000000000e+00
6.000000000000000888e-01
1.000000000000000000e+00
1.000000000000000000e+00
-1.000000000000000000e+00
1.000000000000000000e+00
-1.000000000000000000e+00
1.000000000000000000e+00
-1.000000000000000000e+00
-1.000000000000000000e+00
1.000000000000000000e+00
1.270904655367225966e-01
-1.000000000000000000e+00
1.000000000000000000e+00
-1.000000000000000000e+00
1.000000000000000000e+00
-1.000000000000000000e+00
1.000000000000000000e+00
1.000000000000000000e+00
1.000000000000000000e+00
1.000000000000000000e+00
-1.000000000000000000e+00
-1.000000000000000000e+00
1.000000000000000000e+00
-1.000000000000000000e+00
-1.000000000000000000e+00
-1.000000000000000000e+00
1.000000000000000000e+00
-1.000000000000000000e+00
-1.000000000000000000e+00
1.000000000000000000e+00
-1.000000000000000000e+00
1.000000000000000000e+00
-1.000000000000000000e+00
1.000000000000000000e+00
1.000000000000000000e+00
-1.000000000000000000e+00
8.645638973575552333e-01
-1.000000000000000000e+00
1.000000000000000000e+00
1.000000000000000000e+00
-1.000000000000000000e+00
-3.644668765809083721e-01
1.000000000000000000e+00
1.000000000000000000e+00
1.000000000000000000e+00
1.000000000000000000e+00
-1.000000000000000000e+00
1.000000000000000000e+00
7.721826023161946217e-01
1.000000000000000000e+00
1.000000000000000000e+00
1.000000000000000000e+00
1.000000000000000000e+00
1.000000000000000000e+00
-4.440269491004351643e-01
-1.000000000000000000e+00
1.000000000000000000e+00
1.000000000000000000e+00
-1.000000000000000000e+00
-9.909186084456527155e-01
-1.000000000000000000e+00
-1.000000000000000000e+00
-3.438270530617230092e-01
1.000000000000000000e+00
-1.000000000000000000e+00
1.000000000000000000e+00
-9.360000000000000542e-01
-1.000000000000000000e+00
-1.000000000000000000e+00
-1.000000000000000000e+00
1.000000000000000000e+00
-8.475692375082887198e-01
-1.000000000000000000e+00
-1.000000000000000000e+00
-4.154892731641876558e-01
-1.000000000000000000e+00
-1.000000000000000000e+00
-1.000000000000000000e+00
1.000000000000000000e+00
6.876414602086794448e-01
-1.000000000000000000e+00
-1.000000000000000000e+00
-1.000000000000000000e+00
-8.139461427105361135e-01
9.147254584544592948e-01
4.416137648210960442e-02
6.336058792270696793e-01
-9.464151741509452265e-01
-1.000000000000000000e+00
5.489582585940588899e-01
-8.590722207712553349e-02
9.984939330823465742e-01
-9.877149297583972531e-01
-7.707521285655667409e-01
-2.656322108914046520e-01
7.595588534934427649e-02
-8.548571582125503721e-01
-3.390957905573599440e-01
5.542668281862237478e-01
-3.310264356116141560e-01
4.386778254116725506e-01
-7.836971241121633014e-01
-8.278483623728756235e-01
-4.075485700789007737e-01
1.000000000000000000e+00
1.000000000000000000e+00
-5.760360713044184733e-01
-1.000000000000000000e+00
-6.405257946699141058e-01
-4.898066239805442534e-01
1.000000000000000000e+00
1.000000000000000000e+00
1.000000000000000000e+00
-7.060049131426899827e-01
4.600331138330334690e-01
3.524070693515826136e-01
-5.578130216373825001e-02
-4.395617043984384464e-01
-1.000000000000000000e+00
1.000000000000000000e+00
-3.648680643323682360e-01
-9.344424055985608435e-01
-6.263241709727906947e-01
-6.817150321875231622e-01
-1.902705851922174007e-01
-2.276481722375889583e-01
3.401506000572462884e-01
1.714487577161647458e-01
4.244706753879112782e-03
-5.032897266863249897e-01
-3.741708383279056527e-01
3.997134471136538636e-01
7.336515629161228791e-01
3.968993934449331906e-01
-8.153456602006006193e-01
3.858773010346938648e-02
-5.375183323042909134e-01
