8.949642361561156445e-01
3.305665632911931606e-01
1.000000000000000000e+00
-6.181447083758355721e-01
4.253556184767763315e-01
-7.275266383388827585e-01
-7.837759926628752594e-02
-1.000000000000000000e+00
7.471025543835413396e-01
4.164498251475706181e-01
-5.964212292607048438e-01
-3.924758404610225737e-01
-2.257129314844554258e-01
1.268351614276570505e-01
-1.000000000000000000e+00
-5.661000595059179075e-01
1.000000000000000000e+00
1.000000000000000000e+00
-1.000000000000000000e+00
1.000000000000000000e+00
-2.861387151252349770e-01
4.218951575874043125e-01
-1.000000000000000000e+00
7.800993916814649154e-01
6.084661706610807741e-01
-6.373178110265687035e-01
-5.053205734086547718e-01
-7.604114270134011422e-01
2.087123934378636025e-01
-6.333893526919727179e-01
3.447993922760793639e-01
-1.000000000000000000e+00
1.023351482801161255e-01
-3.677260605605320309e-01
-1.000000000000000000e+00
-4.561505619667843847e-01
-1.000000000000000000e+00
-1.000000000000000000e+00
1.000000000000000000e+00
3.260865855127966784e-01
5.295009734427366110e-01
1.147006237539929252e-01
-1.000000000000000000e+00
-1.750004031926991610e-01
1.000000000000000000e+00
1.000000000000000000e+00
-5.060911002555720239e-01
1.000000000000000000e+00
5.283725232064889754e-01
1.000000000000000000e+00
3.448571039248388148e-01
5.837746562686980667e-01
-1.348603567497307087e-01
8.703349022273587643e-01
2.661963892546875821e-01
3.242283415608510078e-01
-3.211280315484703607e-01
-2.852824949204432192e-01
-5.141640617955981485e-01
-1.000000000000000000e+00
-1.273765550050041107e-01
-6.877212953710656884e-02
1.100952898994707052e-01
6.817502904096242045e-01
1.000000000000000000e+00
1.000000000000000000e+00
-1.000000000000000000e+00
-3.270916710323031884e-01
1.000000000000000000e+00
-1.000000000000000000e+00
-7.536486653760552379e-01
6.358421473623396825e-01
-4.950483657804448656e-01
-7.137156461315707912e-01
-3.465604393014866669e-01
9.844366301698743715e-01
-9.607315989167835024e-01
-2.989341081521802446e-01
5.878550747323815773e-02
-4.633984648627683112e-01
5.588295298912329123e-01
-1.000000000000000000e+00
-3.907632526386493055e-01
-7.209129296986672708e-01
3.919442106172719154e-01
-6.958384504995730468e-01
1.000000000000000000e+00
-1.000000000000000000e+00
-9.453961791409536408e-01
5.652221003378468112e-01
4.369817420117288465e-01
8.517726595968355685e-02
-1.000000000000000000e+00
-7.712978560510727055e-01
7.937078002095203644e-01
-1.000000000000000000e+00
8.884743127557148679e-01
7.434604809107095980e-01
-7.318677089006037084e-02
2.461137670785752407e-01
1.925820312286717351e-01
1.000000000000000000e+00
-8.942404929051357421e-01
7.873195301174094052e-01
1.000000000000000000e+00
-5.389367895318776247e-01
3.243603259759272883e-02
5.340357751742015324e-01
-7.112113505415117165e-02
-5.959584374557194142e-01
7.753091536855607480e-01
9.369961214915643044e-01
-1.000000000000000000e+00
-7.250220025651156197e-01
-1.000000000000000000e+00
1.000000000000000000e+00
-3.106378798330053925e-01
-4.194813679343319945e-01
8.491934375571330573e-02
6.581196282011864129e-02
-6.670803810622640828e-01
1.000000000000000000e+00
1.000000000000000000e+00
7.321523679079761093e-01
-4.407618103773329743e-01
1.000000000000000000e+00
1.022738593847466460e-01
7.662148928840523121e-01
3.746152533312580579e-01
3.072008250387925909e-01
-2.593225331829967714e-02
-1.529949624710250089e-01
-7.125365681462595413e-01
-8.790296581235055307e-01
8.039753523878410135e-01
-6.599189223181793906e-01
-5.592175223995353717e-01
-9.057663306776059242e-02
-5.865443490673709626e-01
1.136260863259248022e-01
-6.582467461745119541e-01
-1.981217292984039924e-01
-9.916079812451786824e-01
5.941475661395523300e-01
2.578018683002684663e-01
-1.000000000000000000e+00
-2.397375040533398782e-01
2.985376195076425709e-01
1.000000000000000000e+00
1.000000000000000000e+00
1.000000000000000000e+00
9.435416253769233208e-01
1.000000000000000000e+00
-5.341361031959649397e-01
4.545037136441875125e-01
2.512500022532934696e-01
-4.247117111921834831e-01
-1.000000000000000000e+00
1.871727571555454606e-01
6.184017453282704135e-01
6.818742124030685581e-02
1.000000000000000000e+00
5.438976759883503709e-01
4.836209761883319969e-01
8.267103440806229386e-01
-7.934707440115771337e-01
-3.473333122286116348e-01
-1.000000000000000000e+00
-9.181917825073366846e-01
-8.510156312560931968e-02
-1.480744534098937248e-01
6.958091110444930560e-01
-1.000000000000000000e+00
5.949278499896192285e-01
1.000000000000000000e+00
-9.719834791108725724e-01
9.808765205504390572e-01
-8.596400377146433680e-01
-6.314187093764672687e-01
5.310563061243933625e-01
-1.319901233111253624e-02
-1.000000000000000000e+00
-3.816497029677370922e-01
-4.701378199527737056e-01
2.803069069398737012e-01
-9.097751991309717123e-01
-7.671856975337684181e-01
4.451767120615963136e-01
-7.215151360405643866e-01
1.290743698483954316e-01
-7.449528826191764708e-02
1.000000000000000000e+00
-1.000000000000000000e+00
4.212580000535793845e-01
-1.000000000000000000e+00
5.512437076485656728e-01
-3.666821128065681501e-01
-1.000000000000000000e+00
1.975187895979474972e-01
-3.368591165036083357e-01
5.614414848271539471e-01
2.564643303480457770e-01
-5.581468566267449027e-01
-1.000000000000000000e+00
9.709287236830468348e-01
-4.782060652211505003e-01
-7.633204205816864762e-01
-1.507133923726454716e-01
-1.000000000000000000e+00
6.653052232778117192e-01
-1.195757053598476283e-01
-9.757397542147814296e-01
2.596924904006960855e-01
3.960991967785720824e-02
1.978590219906122272e-01
-6.630561484018804297e-01
-6.049389220503964548e-01
8.496993844724414213e-01
7.533956814078734965e-01
-4.382073005416009526e-01
-2.873977484938534666e-01
-1.000000000000000000e+00
-9.625126091597828726e-01
2.020062120104795522e-01
-9.883964305714186827e-01
1.000000000000000000e+00
-3.105697760875991698e-03
8.347991389412074970e-01
2.218157614841432812e-01
4.538885118563512622e-01
9.106894758406492985e-01
-7.609556430271461336e-01
1.402134318592151985e-03
6.217453173721179116e-01
3.505692790809669113e-01
-8.117915634379262446e-01
4.967340581638990393e-01
7.017836528765679649e-01
2.521749164712150382e-02
5.094713877987468997e-01
-2.861289095407379968e-01
1.246208067230498706e-01
-4.132847885416015554e-01
-3.990499986941146160e-01
-1.000000000000000000e+00
1.000000000000000000e+00
8.269727866103152580e-01
-2.256321303556517166e-01
2.680206105492693447e-01
-1.000000000000000000e+00
-4.477777989618507704e-01
-2.735236224421183637e-01
2.736429229808619024e-01
5.545902879536662722e-01
-8.587667061760180243e-01
1.000000000000000000e+00
-1.000000000000000000e+00
6.580261553170289046e-01
1.000000000000000000e+00
-3.481124388087108446e-01
1.000000000000000000e+00
7.258598082497330628e-02
-2.701702153542155926e-01
-2.853393191058049005e-01
9.749258949793641049e-01
