6.000000000000000888e-01
-9.676304754930431518e-01
1.000000000000000000e+00
1.000000000000000000e+00
1.000000000000000000e+00
7.789324486784188206e-01
-7.742428690358386933e-02
-5.437175799976738944e-01
-5.532921357378416394e-01
-8.636802458797583348e-01
6.828673593002175801e-01
1.000000000000000000e+00
-1.000000000000000000e+00
8.022285595092055743e-01
1.000000000000000000e+00
-2.965616291019171902e-01
1.000000000000000000e+00
5.112758505680503607e-02
7.295945389877991349e-01
1.000000000000000000e+00
1.000000000000000000e+00
7.962713805686851831e-01
-8.086755789544195494e-01
5.904421300926276928e-01
-1.000000000000000000e+00
-1.000000000000000000e+00
-6.687524853926992696e-01
-1.000000000000000000e+00
-1.000000000000000000e+00
-4.230122015639731226e-01
-5.514953158973084912e-01
1.000000000000000000e+00
1.599690462336105234e-01
-1.831073407563758026e-01
-2.591424132940713387e-01
6.065170133816134568e-01
1.000000000000000000e+00
7.588747085610753063e-02
-1.000000000000000000e+00
-1.000000000000000000e+00
-1.000000000000000000e+00
-1.756209856330032404e-01
6.515500632718540519e-01
1.000000000000000000e+00
-1.000000000000000000e+00
6.990312961629940869e-01
6.000000000000000888e-01
-1.000000000000000000e+00
4.027407752006931241e-02
1.000000000000000000e+00
4.984454771648831883e-01
-1.000000000000000000e+00
5.402984640193109200e-01
6.000000000000000888e-01
1.000000000000000000e+00
1.000000000000000000e+00
3.980608905824226662e-01
-1.000000000000000000e+00
1.000000000000000000e+00
-1.000000000000000000e+00
1.000000000000000000e+00
-3.327960994449075116e-02
-1.000000000000000000e+00
-1.000000000000000000e+00
8.301678079104116703e-01
1.000000000000000000e+00
-1.000000000000000000e+00
-1.000000000000000000e+00
1.000000000000000000e+00
-8.692887244552001125e-01
-2.597651193982566387e-01
-6.746370033444084591e-01
6.000000000000000888e-01
-8.552393178053987466e-01
1.000000000000000000e+00
-2.904909061726372865e-01
-8.930984443344025525e-01
-1.000000000000000000e+00
1.000000000000000000e+00
1.000000000000000000e+00
2.902167804444529819e-01
1.000000000000000000e+00
-1.000000000000000000e+00
2.984788967741521248e-01
-1.852475003977303580e-01
-1.000000000000000000e+00
-1.000000000000000000e+00
1.000000000000000000e+00
1.000000000000000000e+00
-1.000000000000000000e+00
1.000000000000000000e+00
1.000000000000000000e+00
-1.000000000000000000e+00
-1.000000000000000000e+00
5.327775761080916217e-01
-6.747719373381855235e-01
1.000000000000000000e+00
5.827422701863885779e-01
-1.156355691534164676e-01
1.000000000000000000e+00
6.000000000000000888e-01
7.013102845250512862e-01
-1.000000000000000000e+00
-1.000000000000000000e+00
-7.386063649565078881e-01
8.168870769596100478e-01
1.000000000000000000e+00
7.109309439327142766e-01
7.381808716305980900e-01
-8.947146628802851165e-01
-1.000000000000000000e+00
-1.000000000000000000e+00
1.000000000000000000e+00
1.000000000000000000e+00
-1.000000000000000000e+00
1.000000000000000000e+00
2.395563002918372486e-01
9.040785646649367457e-01
6.700709067210107728e-01
-1.000000000000000000e+00
6.000000000000000888e-01
6.000000000000000888e-01
1.171854725545717901e-01
6.000000000000000888e-01
1.000000000000000000e+00
-8.327384093230512097e-01
1.000000000000000000e+00
6.721743389632837129e-01
-1.000000000000000000e+00
8.623442476914620070e-01
-1.000000000000000000e+00
-1.916913197222612775e-01
5.008386064576137997e-01
-1.000000000000000000e+00
1.000000000000000000e+00
4.611014035798932098e-01
1.000000000000000000e+00
-1.000000000000000000e+00
-1.000000000000000000e+00
5.168248234547405673e-01
-6.937103586177946202e-01
-7.366851967135817914e-01
1.000000000000000000e+00
-1.000000000000000000e+00
1.000000000000000000e+00
1.000000000000000000e+00
-6.885494121312468740e-02
3.963420848115238870e-01
-1.000000000000000000e+00
-1.000000000000000000e+00
-1.000000000000000000e+00
1.000000000000000000e+00
-6.709420363418655553e-01
-1.000000000000000000e+00
-9.643956723578444024e-01
1.000000000000000000e+00
-1.000000000000000000e+00
-1.000000000000000000e+00
-2.557849189630552744e-01
-1.000000000000000000e+00
1.000000000000000000e+00
-9.454217505413196054e-01
1.000000000000000000e+00
-1.000000000000000000e+00
1.000000000000000000e+00
3.879671620309311786e-01
-1.000000000000000000e+00
1.000000000000000000e+00
-6.000000000000000888e-01
-1.000000000000000000e+00
-1.000000000000000000e+00
-1.000000000000000000e+00
-1.000000000000000000e+00
1.000000000000000000e+00
-1.000000000000000000e+00
1.000000000000000000e+00
-1.342357316815755430e-01
-1.000000000000000000e+00
-2.494941634689100685e-01
1.000000000000000000e+00
-1.000000000000000000e+00
-1.000000000000000000e+00
-7.798622362996031621e-01
-6.405209040656874020e-01
8.497717021582487096e-01
1.000000000000000000e+00
6.060378221674687094e-01
-1.000000000000000000e+00
1.000000000000000000e+00
1.000000000000000000e+00
5.671129764663840334e-01
3.525465425539154873e-01
1.000000000000000000e+00
-1.000000000000000000e+00
-7.603234599777448643e-01
-6.033603780366612046e-01
-1.000000000000000000e+00
6.901217841005369280e-01
-9.073444762329592184e-01
7.690768184769996019e-01
-1.000000000000000000e+00
-6.784046767154099378e-01
1.000000000000000000e+00
-1.000000000000000000e+00
1.000000000000000000e+00
-1.000000000000000000e+00
-1.000000000000000000e+00
6.072469311866972586e-01
1.000000000000000000e+00
2.884497345126546541e-02
-1.000000000000000000e+00
-1.000000000000000000e+00
1.471605110877086120e-01
1.000000000000000000e+00
-1.000000000000000000e+00
-1.000000000000000000e+00
-1.609108336161839681e-01
3.189958730488141603e-01
-1.000000000000000000e+00
-3.072838205947796553e-01
7.806875133614333828e-01
1.000000000000000000e+00
-1.000000000000000000e+00
-1.000000000000000000e+00
-1.000000000000000000e+00
1.000000000000000000e+00
-1.000000000000000000e+00
1.000000000000000000e+00
1.109019336851655435e-01
1.000000000000000000e+00
-1.000000000000000000e+00
-1.000000000000000000e+00
-9.512950514669533675e-01
7.013075017790491028e-01
1.952607056590982548e-01
-4.877116864353621128e-01
-9.014340877831468202e-01
2.207225171022417776e-01
-4.272883531437088322e-01
-8.566386473186629047e-01
3.130549203197861008e-01
-9.441835415925863284e-01
6.582237884440409470e-01
-2.641463195872062464e-01
1.000000000000000000e+00
-1.000000000000000000e+00
-2.576772013647249948e-01
1.000000000000000000e+00
1.000000000000000000e+00
1.000000000000000000e+00
5.817476422300154049e-01
1.000000000000000000e+00
1.000000000000000000e+00
-6.143968744180137165e-01
-8.829024305997568156e-01
-3.977292505878953222e-01
7.458118391740844455e-01
-2.141055048551705475e-01
-7.851229444504048693e-01
-8.595786932587667906e-03
6.421821476525988448e-01
1.765293097043096893e-02
-1.675042342480046464e-01
8.427267547286478866e-01
5.451648158666670962e-01
