8.469784927456791568e-01
-5.618190999513502648e-01
9.663122702200488412e-01
-4.867298713867808102e-01
1.000000000000000000e+00
2.796813864590852461e-03
-2.757155122659464830e-01
-7.716857302526088924e-01
1.000000000000000000e+00
8.742407710382879560e-02
-1.000000000000000000e+00
3.070424989600802346e-01
-7.875378938209882662e-01
-3.339805561737816952e-01
-8.108271506775499571e-02
-5.832843529026791041e-01
3.887729618901287765e-01
-1.000000000000000000e+00
1.000000000000000000e+00
1.000000000000000000e+00
9.347580944398659053e-02
-1.000000000000000000e+00
-3.316839778160496355e-01
5.233930521290462989e-01
1.000000000000000000e+00
-4.396457149027008793e-01
1.956954587529248779e-01
7.312346863740497305e-02
3.762852430320283714e-01
6.556776313884028484e-01
-7.112922671200740954e-01
-3.581308812446193368e-02
-6.179422827415599340e-01
-1.483313189957043976e-01
-4.736757482920405105e-01
1.000000000000000000e+00
4.174877342386046353e-01
1.780381725262184522e-01
1.000000000000000000e+00
7.404453427696112700e-01
-1.000000000000000000e+00
-1.000000000000000000e+00
6.731191385787462789e-01
-4.470616783924497017e-02
1.000000000000000000e+00
1.000000000000000000e+00
-1.000000000000000000e+00
-1.083631209136224349e-01
-3.797908902197110192e-01
-1.000000000000000000e+00
-1.000000000000000000e+00
3.290325192792684650e-01
-6.181608157007313364e-01
1.000000000000000000e+00
-7.831178184517304519e-01
-1.000000000000000000e+00
-9.823773675733014077e-01
2.351579826481960400e-01
-1.000000000000000000e+00
1.000000000000000000e+00
-1.000000000000000000e+00
-1.000000000000000000e+00
3.627693907276217100e-01
6.735812157111731313e-01
3.332996652146121286e-01
3.205354349486304044e-01
-1.000000000000000000e+00
1.000000000000000000e+00
1.000000000000000000e+00
7.476944702079788563e-01
1.000000000000000000e+00
5.079146519173964869e-01
1.604146938530688626e-01
-1.000000000000000000e+00
7.774087085774988859e-01
5.522714445406640138e-03
-5.439513365048384008e-01
-1.000000000000000000e+00
-9.277103340646559726e-01
-1.000000000000000000e+00
1.000000000000000000e+00
-1.000000000000000000e+00
4.386364070244320734e-01
-3.375696410235718981e-01
7.930629682858012508e-01
8.763059983276278997e-01
-3.502832889109481346e-02
-6.132923170692669013e-01
1.000000000000000000e+00
9.257460984765232270e-01
-8.135354451704172041e-01
5.601033847568417379e-01
-1.297094890678943679e-01
1.000000000000000000e+00
-9.704046329659322678e-01
8.416994677038510675e-01
-8.955124904616911241e-01
1.000000000000000000e+00
4.966363001797186039e-01
-7.411021945946736356e-01
9.741141989376642663e-01
-3.890257199798012877e-01
-3.706781292566476704e-01
-7.771309963368158158e-01
-1.000000000000000000e+00
-4.040722244754985093e-01
1.000000000000000000e+00
4.643862081976720124e-01
-5.137592136527187048e-01
-9.082190306706666716e-01
9.745393835721233300e-02
1.000000000000000000e+00
-7.484664845472879802e-02
1.687317517520015020e-01
-4.138461277783951342e-01
-9.126659789290836322e-01
4.486193289144698726e-01
-6.188579028412520833e-01
-3.125544370966195640e-01
1.000000000000000000e+00
1.000000000000000000e+00
-2.166222897698124039e-01
2.300195457086147421e-01
8.138225370525926650e-01
1.000000000000000000e+00
-8.539229586071699352e-01
1.000000000000000000e+00
-1.000000000000000000e+00
-7.330460772850249107e-01
7.197858026677550480e-02
1.000000000000000000e+00
1.000000000000000000e+00
1.000000000000000000e+00
4.491062468964951426e-02
-3.004945650951582614e-01
-1.000000000000000000e+00
6.252323452865995446e-01
6.832994026524714659e-01
-6.685597336918637223e-01
-3.783326948420309144e-01
-1.000000000000000000e+00
-1.000000000000000000e+00
-5.681902000239140715e-01
1.000000000000000000e+00
-5.123961894263293626e-01
1.000000000000000000e+00
-1.000000000000000000e+00
-1.396783634739591218e-01
-1.000000000000000000e+00
2.908533373775202269e-01
-4.183627428975925655e-01
-6.737474537686218845e-01
2.090276059952086429e-01
1.000000000000000000e+00
8.641397131407557719e-01
1.000000000000000000e+00
-1.000000000000000000e+00
2.614191602354412058e-01
1.000000000000000000e+00
2.958040814912334948e-01
3.535257240774271059e-01
-1.000000000000000000e+00
4.194101532376894870e-01
-1.000000000000000000e+00
-1.507497102239323539e-01
1.000000000000000000e+00
-8.423032829457783865e-01
6.541622177212903511e-01
1.000000000000000000e+00
-1.130189228425628745e-01
5.712130031953867038e-01
-6.939968427683735896e-01
8.975581173785047717e-01
-7.886089858882212589e-01
1.000000000000000000e+00
-2.867958680577092911e-01
4.012159511526343647e-01
-1.427604772101137287e-01
1.000000000000000000e+00
4.895363853606446436e-01
-1.690305978757955518e-02
1.000000000000000000e+00
-5.300178487484046297e-01
4.243042997237492231e-02
-1.000000000000000000e+00
7.001988163695525014e-01
-3.436672235623352556e-01
-1.070824405640331545e-01
-7.906527307184361142e-01
-7.150835794461680717e-01
-1.000000000000000000e+00
2.214371447834225792e-01
-3.657720426310293593e-01
-1.000000000000000000e+00
3.386293618028855534e-01
-1.027699141826984991e-01
-1.000000000000000000e+00
-5.857975320589424717e-01
1.400697022938117153e-01
4.356550600105240090e-01
5.631811170785874232e-01
-4.386569808803645887e-01
1.000000000000000000e+00
-1.000000000000000000e+00
1.119519914789010168e-01
-5.915862116527055292e-01
2.188713051691752454e-01
-4.526030532103153536e-01
-4.982151614192459332e-02
4.695147032849796842e-01
-2.650501411796490903e-01
4.266109174206609289e-01
7.654353218072900145e-01
-4.304747141982170344e-01
7.573608420598021418e-02
8.934015845669376343e-01
-9.637379012649609500e-01
7.485964179259323448e-01
-3.859121307432360481e-01
1.932630787626612445e-01
-6.095098042421076556e-01
-8.152527580455577461e-01
-7.128494777163749685e-01
-6.978737777469872228e-01
-6.794235558700845168e-02
-8.056180618564652285e-01
-6.890762824961156330e-01
-6.260718992260416726e-02
6.156658148728373359e-01
3.892223388955013963e-01
-5.076146759358548533e-01
1.442375805876021655e-01
1.814196994145444997e-02
-8.239908760169663005e-01
-5.823790951961442808e-01
1.766882391601207747e-01
6.699186001347607888e-01
4.024151159610205308e-01
6.523675651544162957e-01
-8.227278800278452486e-01
-4.560280737567756759e-01
-4.359199768140298303e-02
-2.131439260735310537e-01
3.899176249571167929e-02
5.206952215296265507e-01
5.814553543167277905e-01
-8.297227325947120757e-01
4.523622325817462375e-01
-8.234355200754437387e-01
8.478669530796305587e-01
-5.309230756952221242e-02
-4.441929216770690303e-02
4.939690725750254252e-01
6.524391354430147949e-01
-8.711531193888233382e-01
6.527563273432244184e-01
6.981801174123780651e-01
-4.924165495592374153e-01
-8.154831265262001416e-01
-3.680071309394554735e-01
1.824182955204867174e-01
-7.221750377459847936e-01
7.681198766920387389e-01
3.797060845464428347e-01
-7.825121807120809514e-01
