-4.830094475098402063e-01
-4.038073331253388965e-02
-1.000000000000000000e+00
1.000000000000000000e+00
1.683542220151074131e-01
1.738725528803172771e-01
-1.889143448417318072e-01
7.991158851883525260e-01
6.722896520953265398e-01
-5.371145286185246004e-01
-1.000000000000000000e+00
-1.639927214180809112e-01
-1.000000000000000000e+00
-2.395831095859071169e-01
9.859729020761158758e-01
3.233016034434856856e-01
5.290657997430988635e-01
1.000000000000000000e+00
-5.362984709448452847e-01
9.874770538467954051e-01
-3.581416274267631428e-01
-1.976016424874015298e-01
1.649036718294771275e-01
-1.000000000000000000e+00
1.000000000000000000e+00
-1.000000000000000000e+00
-2.800980676715977835e-01
-1.000000000000000000e+00
2.425648328190559422e-01
-5.866858878744712902e-02
-9.764669818652043087e-01
-1.000000000000000000e+00
-5.273677692243656789e-01
3.815496839929388706e-01
5.299101356935841389e-01
1.757737089456186119e-01
-1.353722218890172080e-01
-1.000000000000000000e+00
4.484586547918236743e-01
2.955501545885196868e-01
-4.700788083015866592e-01
8.670999338498268649e-01
6.338946443054943591e-01
-7.030417318098035606e-01
6.341464895712557448e-01
-9.882148131590838547e-02
-1.233858085736622701e-01
-6.124369360686771069e-02
5.543920692759662927e-01
7.220900198766704303e-01
5.379112407813058105e-01
1.000000000000000000e+00
1.718087562444653438e-01
-1.170854610462434414e-01
1.179523481293780623e-01
-3.800857501896763857e-01
1.965419168609964240e-01
-1.000000000000000000e+00
1.000000000000000000e+00
1.000000000000000000e+00
1.436951027162505223e-01
-1.000000000000000000e+00
-6.730373323190668167e-01
-4.355171749024545624e-01
4.518539860864086988e-01
1.000000000000000000e+00
7.140534256932782320e-01
-3.749341171234903403e-01
5.120312883001638948e-02
-1.000000000000000000e+00
9.285008242901084952e-01
-4.410423159951840644e-01
-1.000000000000000000e+00
-1.000000000000000000e+00
-4.839600878991339727e-01
5.877688654184098915e-01
-1.000000000000000000e+00
6.855622771886527023e-01
1.825448462928508653e-01
8.708452199554148621e-01
1.291301961581156066e-01
3.590542608667852686e-01
-1.000000000000000000e+00
-5.952941255080952399e-01
9.822689503280963574e-01
7.429805564069735802e-01
-1.000000000000000000e+00
1.000000000000000000e+00
-4.708404146157845749e-01
-1.000000000000000000e+00
2.367196498656724823e-02
1.000000000000000000e+00
1.098967580571971192e-01
8.167295183194123176e-02
-1.000000000000000000e+00
-1.000000000000000000e+00
-8.263870554525296619e-01
1.188968889446089250e-01
3.382050775306921775e-01
-4.652045724831244122e-02
1.000000000000000000e+00
5.895652375892688202e-01
4.632708724233325359e-02
-5.198439080414146707e-01
-1.000000000000000000e+00
2.826289174266068960e-01
4.382263964609837137e-01
1.000000000000000000e+00
2.231800746352456954e-01
-8.155890632754259073e-01
7.519112273579442451e-02
4.652092291088410492e-01
9.237501649418751182e-01
-1.000000000000000000e+00
4.313514522061002721e-01
1.000000000000000000e+00
-1.000000000000000000e+00
3.445745612840942496e-01
-6.193653095835375266e-01
1.000000000000000000e+00
-1.000000000000000000e+00
3.969185989092214317e-01
1.000000000000000000e+00
-3.483357405473517243e-01
1.000000000000000000e+00
-8.708282630780261879e-02
-4.906210998638949605e-01
-1.000000000000000000e+00
8.865467857587694400e-02
-4.898196684812261559e-01
-1.000000000000000000e+00
-1.000000000000000000e+00
-1.000000000000000000e+00
-1.000000000000000000e+00
-1.000000000000000000e+00
-4.589469120606789326e-02
1.000000000000000000e+00
2.645047044678445758e-01
-7.219880163123013617e-01
-1.000000000000000000e+00
1.000000000000000000e+00
7.721311611461412205e-01
1.000000000000000000e+00
9.114155106428299957e-01
-8.671480107007079052e-01
-1.000000000000000000e+00
5.800246336063680230e-01
5.516535533945075009e-01
-1.000000000000000000e+00
-3.859204359940190954e-02
-3.547350971878190373e-01
1.000000000000000000e+00
1.000000000000000000e+00
-4.571066325194922952e-01
-1.286065427413375928e-01
2.332486067910430894e-01
1.000000000000000000e+00
1.727911849302659064e-01
7.921427610675199626e-02
-6.812432841159428154e-01
-8.033220386721994233e-01
-3.802161978022926547e-01
-1.000000000000000000e+00
5.549415577972990204e-02
-4.545246103495812484e-01
-1.000000000000000000e+00
-2.283244106094098336e-01
-1.557319805955881264e-02
1.000000000000000000e+00
-3.036285895452893735e-01
-9.649973482608315001e-02
2.829979910243912711e-01
-1.000000000000000000e+00
-1.000000000000000000e+00
8.957534165165910167e-01
1.000000000000000000e+00
6.183327113061068969e-01
-9.647836153824229655e-01
-8.466504770124214652e-01
-6.708845648761838643e-01
6.298386519874180633e-01
-6.667420256709957194e-01
1.000000000000000000e+00
-1.000000000000000000e+00
1.888548332168466515e-01
-5.287919629297326285e-01
-5.521758847254476521e-01
3.671087049327182994e-01
2.260997305776187849e-01
1.000000000000000000e+00
-4.683944999009702626e-01
-7.072427391982372136e-02
-2.271341741979198692e-01
-6.834779142794751294e-01
-6.258778789546146637e-01
-1.000000000000000000e+00
1.000000000000000000e+00
-1.000000000000000000e+00
1.000000000000000000e+00
6.029493254711113526e-01
-9.860727117379730622e-01
1.000000000000000000e+00
6.759464355695534721e-01
-2.976584330667305656e-01
-1.477603989913921778e-01
5.217769399366124494e-01
-5.938788630906054467e-01
-9.843833608354042308e-01
-1.776183683801983992e-01
8.230346712849730961e-01
1.198865783064970714e-01
-8.555047804840580916e-01
7.000194378248181248e-01
-2.015231705476834279e-01
7.314310288268026650e-01
-2.621683690930036725e-01
4.743707135281332032e-01
4.228790480022397436e-01
-4.069480524971873514e-01
8.153813655161519236e-01
-8.494832299098864503e-02
-8.602299459095237300e-01
2.395409611110845827e-01
-9.450564251230852975e-02
-6.571552336416324192e-01
-1.432862771218168518e-01
-1.659860613268859808e-02
-9.598026480326466991e-01
-2.392879796945537318e-01
8.788139578392499818e-01
5.790897159563401786e-02
8.365356755322543858e-01
7.265923091027091107e-01
1.000000000000000000e+00
-1.708420792023605528e-01
-1.000000000000000000e+00
1.000000000000000000e+00
1.000000000000000000e+00
1.835041215089908695e-01
2.952309078460267910e-01
-1.000000000000000000e+00
5.225814122248398919e-01
9.969244593824280187e-01
6.070385281162928859e-01
-1.000000000000000000e+00
6.232941859732594736e-01
6.715126235798449805e-01
-7.330288803196056968e-02
-2.031515983470048858e-01
-1.000000000000000000e+00
2.643498511197303058e-01
1.318473656417149531e-01
1.000000000000000000e+00
-1.000000000000000000e+00
-4.748661641437320058e-01
-9.954341122852041757e-01
1.000000000000000000e+00
1.000000000000000000e+00
6.607940979965023498e-01
-1.000000000000000000e+00
1.000000000000000000e+00
-1.000000000000000000e+00
-4.410453484728577012e-01
-8.503886392964036256e-01
6.508689371763458631e-01
