-6.756066611053157533e-01
-5.285004133141242288e-01
9.654505260713246440e-01
6.908361692144446842e-01
-1.865082288605253158e-01
1.269714838727988848e-01
1.517498100896552682e-01
-6.563605053203147577e-01
6.804450248193907314e-01
-9.843425540180048561e-01
6.868850915885640340e-01
5.994290953676186806e-01
-9.035099118184433120e-01
9.185601492110893052e-01
5.172228954204238782e-02
5.915085203502772337e-01
2.030454246570776444e-01
-8.077262802887119619e-02
-1.352757783266402836e-01
1.412025888004948548e-01
-4.613805497311853632e-01
3.535191791612994905e-01
-9.412437344560840025e-01
8.382734147104007327e-01
1.075741071369775703e-01
7.665198899792491360e-01
8.427370959641300452e-02
1.993928107261562221e-01
-3.164890281491119506e-01
9.159498837692801043e-01
-9.485957035196566078e-01
-3.394907905876074494e-01
-1.263601547577852813e-02
-4.314800964391414251e-01
-4.894609915709575709e-01
1.277308704528172800e-01
-3.060855101062573969e-01
4.987458271722122749e-01
-6.361037122773383068e-01
8.984583044515825900e-01
-3.960719284083937808e-01
9.800602747850388763e-01
8.750624136841285150e-01
4.404798111880710021e-01
-3.172217515254804887e-02
8.771137457514179836e-01
8.028590257699064203e-02
7.295816789346538656e-01
-9.041546873063104339e-01
-1.972524078956119364e-01
-6.097033925312420610e-01
-4.624400713558149967e-01
3.265373067585757294e-01
3.330207652349159719e-01
-3.585436901523046949e-01
8.672682717678212860e-01
2.339603467339730347e-01
8.496160703420372329e-01
3.563856880786953063e-02
2.938132419564420950e-02
1.765681959482170438e-01
-7.837645860253008578e-01
-4.023659447565604008e-01
-5.770374515775680280e-01
6.096334258570361708e-01
2.872972167163005963e-01
6.417003774573073471e-01
-7.234398826424892626e-01
8.720398577837880083e-01
5.992255662853769316e-01
9.060870997840793084e-01
-6.277218759631175704e-01
6.977568821619188899e-01
5.376030533935824973e-01
6.821290104433541668e-01
-4.919917186337319226e-01
-4.427576540481632517e-01
-8.835867382683693094e-01
6.155650859994263868e-01
7.082894972548929857e-01
8.097288659318291337e-01
-6.117955274015083322e-01
-3.770980127418472883e-01
-9.770867050059868220e-01
-9.117644175511541160e-01
2.951798029575716242e-01
2.134318821864349403e-01
3.344046465913674826e-01
6.609452474922699050e-01
-4.281984706255523854e-01
3.398055138504969541e-01
-3.590399234713084198e-01
9.349568146103974797e-01
-4.750870516593990178e-01
-4.008656974359179337e-01
1.060103157708423005e-01
8.404065960164970317e-01
4.925977599156499132e-01
-9.733878458532425615e-01
-1.498361283152855883e-01
-4.454478900553393572e-01
-4.821212791499671635e-01
8.919229995606781092e-01
-2.620624951480188258e-03
-3.253670412204663354e-01
-7.693081565045924997e-01
-2.656050659490516441e-01
3.069400689964427720e-01
-9.468593005955683317e-01
9.331073416789155139e-01
-1.628738238162414920e-01
9.248311372560298338e-01
6.549901296979689924e-01
-2.722521292584665353e-01
-5.846458500890345800e-01
-4.256111735523624429e-01
8.650196813003849794e-01
-2.098819452293452237e-01
8.897135929446147173e-01
-9.998718515124478401e-01
-7.018441688307675008e-02
-2.390048710590777503e-01
-5.038428476434109182e-01
7.962558226071894119e-01
3.832501356195527897e-01
2.293701091584332552e-02
7.204704297589459294e-01
4.489264165571207332e-01
-3.490883192879012942e-01
5.893734658665330528e-01
3.772825644405448653e-01
-5.977587161539754668e-02
-5.072652026069610631e-01
-1.339927952581732029e-01
6.291377894456147146e-01
-3.625791219451810488e-01
7.237103419422046269e-01
8.475054185363191106e-01
6.746737162316975844e-01
1.077377071189018487e-01
-5.732963629152258989e-01
-1.102144737143819775e-01
-8.039830387323687599e-01
1.404268850274519309e-01
-2.166257810756988533e-02
8.206954473432510611e-01
-4.824086968331171565e-01
-5.732570240744245815e-01
-2.431563127981588579e-01
7.642712368767308195e-01
8.052444804076794860e-01
5.430559224992201894e-01
3.476539561939604450e-01
2.961987806609036600e-01
-2.657831672780692767e-01
-9.207412792872617935e-01
5.242625791533426227e-01
-6.243257413224427843e-01
-7.953741252441064447e-01
4.877669759755993706e-01
1.645341650001375111e-01
-7.766805015458360106e-01
-9.333107372536435520e-01
-4.669460905000022422e-02
4.347744185728164013e-01
-1.154004404236619319e-01
9.857246126612668746e-01
6.313009898322952118e-01
-9.421135591673577281e-01
9.029353128219295144e-01
7.368169173437746355e-01
-1.604361485116387875e-01
2.420762585129874189e-01
-8.574025322073242084e-01
6.589182844082288604e-01
-9.299649572489543381e-02
-6.968777995195285513e-01
-1.741631231169376015e-01
-1.812339196711989509e-01
-5.135446866454773662e-01
7.189579670384025345e-01
3.152331667347278987e-01
9.892129279806272102e-02
-6.362525983526476914e-01
-6.791094841880644939e-01
7.675180128425607151e-02
-4.163551226394617277e-01
-5.326895057119791499e-01
-8.133500318387352213e-01
1.586744490516287520e-01
-5.180000045338808423e-01
9.192976107067023506e-01
-2.988422210806349621e-01
7.814454751394261933e-02
-1.609505917162916688e-01
-1.263961572066329975e-01
3.105492109131371414e-01
2.519509517246079078e-01
-3.754687178319755514e-01
9.485089555010499662e-01
-2.206650861117802620e-01
4.653648365288016731e-01
-2.265239264750373849e-02
-9.777222967857435165e-02
-7.721247599270641970e-01
6.840615783738210887e-01
1.078137481608245629e-01
1.162128244102269559e-01
5.137571162496861188e-01
-1.156808563339131180e-01
1.000000000000000000e+00
-1.000000000000000000e+00
8.604247587828727228e-01
8.954064293736938573e-01
-6.714029970144966830e-01
-5.487475941844742744e-01
-1.000000000000000000e+00
-5.862534088583014613e-01
6.959520270616970095e-01
9.825202279815714590e-01
-1.000000000000000000e+00
-8.201916013162763308e-01
-1.000000000000000000e+00
8.685207604965519135e-01
-6.140580053301726293e-01
-7.777380113028136144e-01
-1.000000000000000000e+00
-9.622486010223877395e-01
-1.000000000000000000e+00
3.685320417201156662e-01
7.318236675442929551e-01
-1.000000000000000000e+00
1.000000000000000000e+00
7.803185930052509711e-01
-1.177475338865955207e-01
1.000000000000000000e+00
-1.000000000000000000e+00
4.556818328650544814e-01
-7.245333292125867297e-01
4.777120273108380055e-01
5.325837726725203281e-01
-1.599172643942080585e-01
3.170903290629753513e-01
-1.143482872255152660e-01
-4.222344324191980025e-01
1.747621185451508907e-02
9.272270466155030366e-01
4.018952910002460133e-01
-3.316862905774389247e-01
8.635971111915141663e-02
-7.670279756374309699e-01
5.790105911130272176e-01
-2.475894053570573128e-01
-6.507187519622847915e-01
6.000000000000000888e-01
1.002716757024102456e-01
2.587614092530305943e-01
1.000000000000000000e+00
1.000000000000000000e+00
1.000000000000000000e+00
-1.000000000000000000e+00
1.000000000000000000e+00
1.000000000000000000e+00
1.000000000000000000e+00
-2.254088896326560953e-01
