-1.000000000000000000e+00
9.976278969748517689e-01
-1.000000000000000000e+00
-1.000000000000000000e+00
1.000000000000000000e+00
9.997803463081889053e-01
-1.000000000000000000e+00
-1.000000000000000000e+00
-1.000000000000000000e+00
-5.575925610261256438e-01
-9.024489675206186501e-01
1.000000000000000000e+00
1.000000000000000000e+00
-1.000000000000000000e+00
1.000000000000000000e+00
-1.000000000000000000e+00
8.518809452010576155e-01
-1.000000000000000000e+00
9.999346322721851532e-01
-1.000000000000000000e+00
-1.539456245613431140e-01
1.000000000000000000e+00
-1.000000000000000000e+00
-9.999999998741173624e-01
9.997672326521801489e-01
1.000000000000000000e+00
9.998579734716936951e-01
-1.000000000000000000e+00
-9.419710185198721941e-01
-1.000000000000000000e+00
1.000000000000000000e+00
9.999999999999997780e-01
1.000000000000000000e+00
1.000000000000000000e+00
-9.643610748997568649e-01
9.998148011353069631e-01
-2.295875136726047150e-01
-1.000000000000000000e+00
9.999998943519463612e-01
9.960958279362241985e-01
1.000000000000000000e+00
1.000000000000000000e+00
1.000000000000000000e+00
-1.000000000000000000e+00
1.000000000000000000e+00
1.000000000000000000e+00
1.000000000000000000e+00
1.000000000000000000e+00
1.000000000000000000e+00
1.000000000000000000e+00
1.000000000000000000e+00
9.109193903844029494e-01
-1.000000000000000000e+00
1.000000000000000000e+00
-9.873053323445479812e-01
9.999999835782229507e-01
-1.000000000000000000e+00
1.000000000000000000e+00
1.000000000000000000e+00
-1.000000000000000000e+00
-1.000000000000000000e+00
1.000000000000000000e+00
-1.000000000000000000e+00
6.388678895832786697e-01
-1.000000000000000000e+00
9.527158169280529609e-01
-1.000000000000000000e+00
9.173229679911146794e-01
9.999999994178601082e-01
1.000000000000000000e+00
1.000000000000000000e+00
1.000000000000000000e+00
-1.000000000000000000e+00
-9.138568186395392701e-01
-1.000000000000000000e+00
-1.000000000000000000e+00
-1.000000000000000000e+00
-9.854946474771228981e-01
1.000000000000000000e+00
-9.993845586544574111e-01
-1.000000000000000000e+00
1.000000000000000000e+00
1.000000000000000000e+00
1.000000000000000000e+00
1.000000000000000000e+00
1.000000000000000000e+00
-9.110680063091503023e-01
1.000000000000000000e+00
-1.000000000000000000e+00
9.202098451141962343e-01
1.000000000000000000e+00
9.873974309287099071e-01
-1.000000000000000000e+00
-9.983231013282141131e-01
-1.000000000000000000e+00
1.000000000000000000e+00
9.999999999999633626e-01
-1.000000000000000000e+00
8.609363327659103060e-01
-1.000000000000000000e+00
1.000000000000000000e+00
1.000000000000000000e+00
1.000000000000000000e+00
-9.999993862435052616e-01
-1.000000000000000000e+00
1.000000000000000000e+00
1.000000000000000000e+00
1.000000000000000000e+00
-1.000000000000000000e+00
9.937535854003443081e-01
-9.912431170751387910e-01
-9.853127892968460699e-01
9.998260261969196261e-01
1.000000000000000000e+00
9.999981773048411959e-01
-1.000000000000000000e+00
1.000000000000000000e+00
-6.492538328876004128e-01
8.834520703473407455e-01
-1.000000000000000000e+00
-1.000000000000000000e+00
-1.000000000000000000e+00
1.000000000000000000e+00
1.000000000000000000e+00
9.844236911494925746e-01
-1.000000000000000000e+00
-1.000000000000000000e+00
1.000000000000000000e+00
-1.000000000000000000e+00
-1.000000000000000000e+00
2.208789584266241945e-01
-1.000000000000000000e+00
-1.000000000000000000e+00
9.999999977010600727e-01
1.000000000000000000e+00
1.000000000000000000e+00
1.000000000000000000e+00
-1.000000000000000000e+00
1.000000000000000000e+00
1.000000000000000000e+00
-1.000000000000000000e+00
-1.000000000000000000e+00
9.764052459130176942e-01
8.941350155328234850e-01
9.066534466472032650e-01
1.000000000000000000e+00
1.000000000000000000e+00
-1.000000000000000000e+00
-1.000000000000000000e+00
9.480396052539046270e-01
1.000000000000000000e+00
1.000000000000000000e+00
1.000000000000000000e+00
1.000000000000000000e+00
-9.996659134881709097e-01
1.000000000000000000e+00
-9.643235250643752421e-01
1.000000000000000000e+00
-1.000000000000000000e+00
1.000000000000000000e+00
1.000000000000000000e+00
-8.361774598309903439e-01
-9.407811675953536845e-01
1.000000000000000000e+00
7.327744118133000528e-01
-1.000000000000000000e+00
-9.382474518952681475e-01
1.000000000000000000e+00
9.957546427375345566e-01
-1.000000000000000000e+00
1.000000000000000000e+00
-1.000000000000000000e+00
-1.000000000000000000e+00
-9.779428969937016269e-01
-1.000000000000000000e+00
-9.707081490634734688e-01
-1.000000000000000000e+00
-1.000000000000000000e+00
1.000000000000000000e+00
1.000000000000000000e+00
1.000000000000000000e+00
-1.000000000000000000e+00
9.145500756149816945e-01
1.000000000000000000e+00
9.678640913385541111e-01
-1.000000000000000000e+00
1.000000000000000000e+00
-9.246203262798041722e-01
1.000000000000000000e+00
1.000000000000000000e+00
-1.000000000000000000e+00
-9.419715704796369771e-01
9.936444237630774889e-01
9.999996539271966967e-01
1.000000000000000000e+00
1.000000000000000000e+00
-1.000000000000000000e+00
-9.997738764587345006e-01
9.997383130499912784e-01
-9.975066031802608535e-01
1.000000000000000000e+00
-1.000000000000000000e+00
-1.000000000000000000e+00
-1.000000000000000000e+00
-1.000000000000000000e+00
-1.000000000000000000e+00
9.848824248644119095e-01
9.717923395399126196e-01
-5.530538411577462510e-01
-9.999999999997326583e-01
1.000000000000000000e+00
-1.000000000000000000e+00
-2.817309599349488991e-01
1.000000000000000000e+00
1.000000000000000000e+00
-9.825653345413812856e-01
4.156697748822189564e-01
9.828977540685150949e-01
-9.999999999295287045e-01
1.000000000000000000e+00
-1.000000000000000000e+00
1.764613904990053328e-01
1.000000000000000000e+00
1.000000000000000000e+00
-1.000000000000000000e+00
-1.000000000000000000e+00
-1.050158013952269820e-01
1.000000000000000000e+00
1.000000000000000000e+00
1.000000000000000000e+00
-9.686928920857467151e-01
9.997247780418998531e-01
-1.000000000000000000e+00
-1.000000000000000000e+00
9.999142284758240073e-01
-1.000000000000000000e+00
1.000000000000000000e+00
-6.295900973983353799e-01
1.000000000000000000e+00
9.989664511272438041e-01
-1.000000000000000000e+00
-1.000000000000000000e+00
-1.000000000000000000e+00
9.998672455269006498e-01
1.000000000000000000e+00
9.952732487552202745e-01
9.997827579025262423e-01
9.999999999987301269e-01
-1.000000000000000000e+00
-1.000000000000000000e+00
1.000000000000000000e+00
-1.000000000000000000e+00
-1.000000000000000000e+00
-1.000000000000000000e+00
9.998800249878625479e-01
-1.000000000000000000e+00
-1.000000000000000000e+00
1.000000000000000000e+00
1.000000000000000000e+00
-1.000000000000000000e+00
-1.000000000000000000e+00
1.000000000000000000e+00
1.000000000000000000e+00
1.000000000000000000e+00
1.000000000000000000e+00
