-1.321833558078512050e-01
1.000000000000000000e+00
4.577977288653024002e-01
-8.251846884028360973e-01
-1.000000000000000000e+00
-4.645817835136426543e-01
-1.000000000000000000e+00
-1.000000000000000000e+00
-7.390300037891922580e-02
-1.000000000000000000e+00
1.000000000000000000e+00
-9.306774219887172794e-01
1.786416570452297459e-01
1.000000000000000000e+00
-4.945849226676754529e-01
-2.028881912401126753e-01
1.000000000000000000e+00
2.760416598030938640e-01
-1.000000000000000000e+00
7.320013670614518020e-01
1.826925505999296706e-02
-7.825554348163044072e-01
1.000000000000000000e+00
3.667850184051023033e-01
-9.880234820934297169e-01
-4.580319823064999962e-01
4.686477849845757659e-01
-6.324805980829667496e-01
3.148192479708734615e-01
1.000000000000000000e+00
4.035754875657014962e-01
1.000000000000000000e+00
1.000000000000000000e+00
1.000000000000000000e+00
1.211120287129969497e-01
2.636032382429416843e-01
1.000000000000000000e+00
1.000000000000000000e+00
8.047706816310886691e-01
-9.888196809236597939e-01
-6.858229354781266718e-01
1.000000000000000000e+00
1.000000000000000000e+00
-1.000000000000000000e+00
1.000000000000000000e+00
3.205966688308321544e-01
3.486293012234260580e-01
-7.413843138797044929e-01
3.757340048233498431e-01
-1.110266265606560387e-02
-1.000000000000000000e+00
-1.000000000000000000e+00
1.000000000000000000e+00
8.755976660312556614e-01
-1.000000000000000000e+00
1.209218186291952657e-01
1.000000000000000000e+00
1.000000000000000000e+00
-9.346740804526099122e-01
1.000000000000000000e+00
2.781782874612843126e-01
1.000000000000000000e+00
-1.150178689648967550e-01
-7.015330407260532697e-01
7.743002973460824667e-02
-7.696361214059570521e-01
-2.561944060398791967e-01
9.808479549129645036e-01
-9.306121199572827685e-01
-9.045973821198479703e-01
-8.225095886932294320e-01
-5.917879600337876411e-01
-1.000000000000000000e+00
-8.081735916309277235e-01
1.000000000000000000e+00
-8.623637213580672700e-01
2.622884544893452352e-01
1.000000000000000000e+00
7.063555281465183633e-03
8.300280438896809887e-01
2.270920731881884702e-01
-6.799144213752456034e-01
-1.000000000000000000e+00
7.575978813774055798e-01
-9.167369475709601367e-01
-1.000000000000000000e+00
1.000000000000000000e+00
6.371009884160802050e-01
1.000000000000000000e+00
9.447031173461809539e-01
-6.188055417897149191e-01
1.000000000000000000e+00
-8.848964356053694580e-01
-7.655046239476999137e-01
1.000000000000000000e+00
8.190931947170930760e-01
2.993643783024994010e-01
-1.000000000000000000e+00
2.801706157664347607e-01
1.692053729653686389e-01
5.374664636221714309e-01
-1.000000000000000000e+00
6.000000000000000888e-01
-1.000000000000000000e+00
5.167104871550296519e-01
1.000000000000000000e+00
8.292765946436215785e-01
-5.590127446021317947e-01
6.116581845803668038e-01
1.000000000000000000e+00
-1.000000000000000000e+00
6.699372652377028059e-01
-2.521412941437327082e-01
-1.463150251625769116e-01
3.605163935523270080e-02
-6.535921323223090607e-01
6.336736740556550007e-01
-6.079121161107058358e-01
1.000000000000000000e+00
9.695407056124162315e-01
-6.472412683354830110e-01
1.000000000000000000e+00
1.000000000000000000e+00
9.968210629707245918e-01
-1.000000000000000000e+00
1.000000000000000000e+00
7.082423591771359606e-01
7.987360442327410270e-01
-1.000000000000000000e+00
-3.754911705905258357e-01
1.000000000000000000e+00
5.541896113927990974e-02
-1.000000000000000000e+00
7.700745945054536801e-01
-6.992262113242783128e-01
6.000000000000000888e-01
-6.208129578352992173e-01
6.000000000000000888e-01
1.000000000000000000e+00
-1.000000000000000000e+00
5.865478360268645552e-01
9.367544917320663744e-01
-4.178305287823460001e-01
1.000000000000000000e+00
-1.000000000000000000e+00
-1.000000000000000000e+00
-3.169358256221473935e-01
3.976534908115483269e-01
1.000000000000000000e+00
-6.846178051255435992e-01
-1.000000000000000000e+00
-1.000000000000000000e+00
-1.000000000000000000e+00
1.000000000000000000e+00
-8.118266728815033417e-01
-1.000000000000000000e+00
6.252926059416766824e-01
1.000000000000000000e+00
9.652702333296331316e-01
-7.737439267410345378e-01
8.865838595558637181e-01
-1.000000000000000000e+00
-9.707817317989991812e-02
-9.438318288601428296e-01
1.000000000000000000e+00
-3.298480301949880400e-01
-8.401441555593516242e-01
-1.000000000000000000e+00
1.000000000000000000e+00
-1.000000000000000000e+00
1.000000000000000000e+00
1.000000000000000000e+00
9.440422252175658668e-01
-5.555149378327944865e-01
1.000000000000000000e+00
1.000000000000000000e+00
-1.000000000000000000e+00
-5.288107422421594039e-01
-6.882371139235459179e-01
7.110336878763101609e-01
4.013314573873011382e-01
1.000000000000000000e+00
-1.000000000000000000e+00
6.800000000000000488e-01
-9.041111415613859448e-01
-1.000000000000000000e+00
2.443885447704288172e-01
-7.817923978940981566e-01
5.539591579447947778e-01
-1.000000000000000000e+00
-5.677314590873526745e-01
1.000000000000000000e+00
-1.000000000000000000e+00
-1.000000000000000000e+00
7.321284803198131463e-01
7.655484002457859649e-01
-1.000000000000000000e+00
1.000000000000000000e+00
1.000000000000000000e+00
-4.683508730308791335e-01
-1.000000000000000000e+00
-9.712109986572707854e-01
5.680684167958138797e-02
-2.782429188576169832e-01
-1.000000000000000000e+00
-2.487705166676473512e-01
2.767294336473297700e-01
1.000000000000000000e+00
9.923524592478699669e-01
7.881620572485233955e-01
6.000000000000000888e-01
-8.484004783055107413e-02
1.000000000000000000e+00
1.000000000000000000e+00
1.000000000000000000e+00
3.623172615546624842e-01
-1.000000000000000000e+00
-7.529767397927304984e-01
6.567718335260404050e-01
-1.000000000000000000e+00
-1.000000000000000000e+00
1.000000000000000000e+00
1.000000000000000000e+00
-6.628130948173194259e-01
-6.595265669172178935e-01
-8.636397184295893092e-01
9.981795949535904322e-01
-6.136436873129302860e-01
6.104267876476457966e-01
-1.000000000000000000e+00
1.000000000000000000e+00
8.410179077078465681e-01
1.000000000000000000e+00
1.000000000000000000e+00
7.693569706269077768e-01
-1.000000000000000000e+00
-1.000000000000000000e+00
3.386879869794802156e-01
1.000000000000000000e+00
8.819161204857363101e-01
1.335690063881698197e-01
1.000000000000000000e+00
-1.000000000000000000e+00
-8.333182962307602581e-01
5.994275003463743756e-01
-3.930052760409660784e-02
-3.763519790709774493e-01
-8.879997484920790218e-02
5.540972709074323266e-01
1.000000000000000000e+00
5.049060653338549587e-01
-1.000000000000000000e+00
1.000000000000000000e+00
3.454791081007521081e-01
4.922023058433006582e-01
-6.982915984053789105e-01
-1.000000000000000000e+00
1.000000000000000000e+00
9.142255663340363991e-01
-9.716782838701593095e-01
6.673749118107008549e-02
-5.845284832973175471e-01
1.000000000000000000e+00
-8.423555378806542038e-01
1.000000000000000000e+00
