1.000000000000000000e+00
-1.000000000000000000e+00
-1.000000000000000000e+00
1.000000000000000000e+00
-9.054244465334928549e-01
-7.174411628948055286e-01
5.826137019914877646e-01
3.686172058301434573e-02
-1.000000000000000000e+00
1.070770462890510699e-01
1.000000000000000000e+00
-4.866655095415195476e-01
-2.560667143740834595e-01
1.445901628954199825e-01
1.312391462543343046e-01
-1.000000000000000000e+00
-1.000000000000000000e+00
3.443118967989778345e-01
1.000000000000000000e+00
1.000000000000000000e+00
-1.000000000000000000e+00
-7.601043362541333170e-01
1.000000000000000000e+00
3.272652528023486940e-01
-3.082898117494299317e-01
-8.584658814130206039e-01
4.846836098406345217e-01
1.000000000000000000e+00
1.000000000000000000e+00
4.656464929728096891e-01
1.000000000000000000e+00
1.000000000000000000e+00
-4.185759500562368229e-01
-1.000000000000000000e+00
2.182313227088472085e-01
1.064787945185755313e-01
5.956618644835087739e-01
1.000000000000000000e+00
-1.000000000000000000e+00
2.622815847373364262e-01
1.000000000000000000e+00
5.878360180804229618e-01
1.000000000000000000e+00
-4.773924887732972078e-01
-5.670557755367792163e-01
1.420536435608632519e-01
1.000000000000000000e+00
-4.026519502322793986e-01
9.851170538355922268e-01
1.000000000000000000e+00
-2.269730214473342222e-01
-7.964485994491393717e-01
-1.000000000000000000e+00
-5.297795002460954361e-01
2.120032218936022395e-01
2.787405160046260155e-01
7.028012885924722619e-01
1.000000000000000000e+00
-4.914498387302905780e-01
1.096220172676604099e-03
-1.000000000000000000e+00
-8.673666782208526715e-01
-1.818688727962821661e-01
-5.973854420088942074e-01
1.000000000000000000e+00
2.026379857692411357e-01
-1.000000000000000000e+00
1.000000000000000000e+00
-8.095297561092249516e-01
5.001039294866616025e-03
1.000000000000000000e+00
1.187530297807586344e-01
-2.254656741895053884e-01
1.000000000000000000e+00
6.134612141502499005e-01
-1.000000000000000000e+00
-1.614427033509609755e-01
7.109491959037026465e-01
6.759649223037961230e-02
1.000000000000000000e+00
1.000000000000000000e+00
2.483794834152645015e-01
-6.183628744903659769e-01
-1.000000000000000000e+00
-5.326201276602748891e-01
-1.000000000000000000e+00
6.952907460613249047e-01
1.000000000000000000e+00
-5.185939794183410667e-01
1.000000000000000000e+00
2.095874118441324874e-01
-1.000000000000000000e+00
-3.620081382249972224e-01
1.000000000000000000e+00
-1.000000000000000000e+00
-1.000000000000000000e+00
9.933137927823730839e-01
1.000000000000000000e+00
-1.000000000000000000e+00
-1.579183025187654854e-01
3.438340383591981242e-01
5.195505197668515152e-01
1.000000000000000000e+00
-2.285509633472572466e-01
1.000000000000000000e+00
7.839512393932370760e-01
1.000000000000000000e+00
-1.000000000000000000e+00
-2.989722171935249584e-02
-1.000000000000000000e+00
-6.241970921889926638e-01
-4.826069846214506853e-01
-1.000000000000000000e+00
2.117720115102439682e-01
1.000000000000000000e+00
6.034023247234970855e-02
4.490993682262811593e-01
-2.000771793740037940e-01
-5.799121067814014818e-01
1.000000000000000000e+00
-2.349618586397626829e-02
-1.000000000000000000e+00
-1.000000000000000000e+00
-4.826365616763604871e-01
7.045920870694405425e-02
7.232026285070656257e-01
-7.661303320753677371e-01
-8.625484506327474321e-01
-7.755162173582592633e-01
-5.593579419543547315e-01
-6.903722064869035613e-01
4.838479745359487993e-01
-7.653196694670272304e-02
1.000000000000000000e+00
-1.000000000000000000e+00
-8.732298903194549711e-01
-1.000000000000000000e+00
2.166593920015315033e-01
1.000000000000000000e+00
2.136889248532485297e-01
-1.438786684586073894e-01
1.000000000000000000e+00
-4.804804578201140042e-01
5.883704523298226574e-01
1.000000000000000000e+00
5.354902697414487545e-01
1.000000000000000000e+00
8.779459266928946182e-01
1.000000000000000000e+00
1.000000000000000000e+00
4.916059631589255186e-01
9.327716432955802661e-01
1.396821774069422102e-02
-5.409208070701475579e-01
2.343675547046032426e-01
-5.611985906938098401e-01
-1.000000000000000000e+00
-4.583708954316047524e-01
-1.000000000000000000e+00
-1.657599207544956377e-01
-1.000000000000000000e+00
9.670595324923925151e-01
1.000000000000000000e+00
-1.000000000000000000e+00
1.000000000000000000e+00
-4.377754121596574843e-01
-1.482204089749529219e-01
-1.000000000000000000e+00
-1.000000000000000000e+00
-7.996169610404453287e-01
-1.000000000000000000e+00
-1.000000000000000000e+00
-1.000000000000000000e+00
8.084494273176552337e-01
-1.823516471253875948e-01
1.749373251452962519e-01
8.835807405464465303e-01
8.858572946565969053e-01
-1.000000000000000000e+00
-9.106187253084154776e-01
7.424942285651471297e-01
-3.577937817992919989e-01
-3.873342508792546601e-01
1.000000000000000000e+00
1.090093829483274046e-01
8.880863381852567573e-02
6.599292175059547905e-01
8.638513872292419293e-01
-1.000000000000000000e+00
-3.066099555359820816e-01
9.770278365651581254e-01
1.000000000000000000e+00
-4.605043143845605202e-01
9.502353562949121812e-01
5.771937682469179265e-01
1.000000000000000000e+00
-8.846869361655611552e-01
1.198777094278800359e-01
1.000000000000000000e+00
2.677814943652241653e-02
1.000000000000000000e+00
-1.482785493305058266e-01
-1.000000000000000000e+00
1.000000000000000000e+00
1.000000000000000000e+00
-1.000000000000000000e+00
2.403131520954162603e-01
1.000000000000000000e+00
-1.000000000000000000e+00
1.000000000000000000e+00
-1.905762667122011256e-01
5.167485335360499921e-02
5.593747543824922897e-02
1.000000000000000000e+00
-3.062258469381116677e-01
-2.077136177669675621e-01
2.494471642321376414e-01
6.038286877725723700e-01
-5.241789555360589770e-01
1.000000000000000000e+00
-3.822660396992019205e-01
-5.074356053386989140e-01
6.088611471491046645e-01
1.000000000000000000e+00
1.919517283693616405e-01
1.000000000000000000e+00
-1.793706752497176427e-01
-1.610200374488353070e-01
-1.000000000000000000e+00
-1.000000000000000000e+00
-6.797601511823581077e-01
-6.905027178067343341e-01
1.194158329185143752e-01
-4.787006458720081126e-01
1.000000000000000000e+00
-1.000000000000000000e+00
-1.000000000000000000e+00
-1.000000000000000000e+00
1.140770739653540894e-01
-5.671660347821066983e-01
-1.000000000000000000e+00
-3.937454932633756566e-01
5.781311878439323593e-01
-1.000000000000000000e+00
3.959011404927390704e-02
-7.389462408057215770e-01
1.000000000000000000e+00
-4.786738926252525061e-01
1.000000000000000000e+00
-1.000000000000000000e+00
-2.094756198750895027e-01
3.620340084022059535e-01
-3.931151904058639568e-01
-1.000000000000000000e+00
1.000000000000000000e+00
9.796617069711623937e-01
-1.000000000000000000e+00
1.000000000000000000e+00
1.000000000000000000e+00
-2.393093895148271921e-01
-1.000000000000000000e+00
-2.787642235657876721e-01
1.000000000000000000e+00
-3.223204306977461853e-01
-1.000000000000000000e+00
