-1.000000000000000000e+00
-1.000000000000000000e+00
1.000000000000000000e+00
1.000000000000000000e+00
-1.000000000000000000e+00
-2.027377171170394454e-01
6.000000000000000888e-01
1.000000000000000000e+00
1.000000000000000000e+00
1.000000000000000000e+00
1.000000000000000000e+00
-1.000000000000000000e+00
-1.000000000000000000e+00
1.000000000000000000e+00
-1.000000000000000000e+00
-9.566409081863151975e-01
1.000000000000000000e+00
-1.000000000000000000e+00
1.346508967703408111e-01
-6.800000000000000488e-01
6.537638107240344443e-01
-1.000000000000000000e+00
-1.000000000000000000e+00
1.000000000000000000e+00
-1.000000000000000000e+00
1.000000000000000000e+00
-1.000000000000000000e+00
5.657991769446899522e-01
-6.000000000000000888e-01
-2.038891538624780508e-01
1.000000000000000000e+00
1.000000000000000000e+00
1.000000000000000000e+00
1.000000000000000000e+00
1.000000000000000000e+00
-1.000000000000000000e+00
9.832905220563066262e-01
-6.395057144197443533e-01
3.581536071826491030e-01
-9.848241623970570569e-01
-1.000000000000000000e+00
1.000000000000000000e+00
1.000000000000000000e+00
6.953180287678193405e-01
1.000000000000000000e+00
1.000000000000000000e+00
7.299144941435373735e-01
-1.000000000000000000e+00
-1.000000000000000000e+00
1.000000000000000000e+00
-4.178474877460465753e-01
1.000000000000000000e+00
-1.000000000000000000e+00
1.000000000000000000e+00
-1.000000000000000000e+00
1.000000000000000000e+00
-1.000000000000000000e+00
-1.000000000000000000e+00
1.000000000000000000e+00
-9.932260759654036875e-01
2.001989286322871098e-01
1.000000000000000000e+00
-1.000000000000000000e+00
1.000000000000000000e+00
1.000000000000000000e+00
-1.000000000000000000e+00
-1.000000000000000000e+00
-7.350821957736974888e-01
-1.000000000000000000e+00
1.000000000000000000e+00
1.000000000000000000e+00
1.000000000000000000e+00
-1.525784046370379787e-01
7.918845912325377379e-01
3.765381508415610035e-01
-5.098174145118159473e-01
-1.000000000000000000e+00
-1.000000000000000000e+00
-1.000000000000000000e+00
-1.000000000000000000e+00
5.086435879307811270e-01
-6.775739549214440105e-01
1.000000000000000000e+00
1.000000000000000000e+00
5.866380739574272862e-02
9.854394201567556744e-01
1.768540274418503866e-01
-1.000000000000000000e+00
1.000000000000000000e+00
1.000000000000000000e+00
-9.668445414857008702e-01
-1.000000000000000000e+00
-1.000000000000000000e+00
1.000000000000000000e+00
1.000000000000000000e+00
-1.000000000000000000e+00
1.000000000000000000e+00
-1.000000000000000000e+00
-1.000000000000000000e+00
1.000000000000000000e+00
6.082284829144846139e-01
-4.052063126858138631e-01
-7.246984960036367829e-01
-1.000000000000000000e+00
-9.467378637191381507e-01
-1.000000000000000000e+00
-1.000000000000000000e+00
8.336777433589054320e-01
1.000000000000000000e+00
1.000000000000000000e+00
1.000000000000000000e+00
1.000000000000000000e+00
-1.000000000000000000e+00
6.000000000000000888e-01
-1.000000000000000000e+00
2.945210175447621204e-02
-9.529296629039706312e-01
-1.000000000000000000e+00
1.000000000000000000e+00
1.000000000000000000e+00
-9.956107266728654315e-01
4.559080664631169899e-01
-1.000000000000000000e+00
1.000000000000000000e+00
-1.000000000000000000e+00
-1.000000000000000000e+00
-1.000000000000000000e+00
1.000000000000000000e+00
4.889481415299750666e-01
3.403037927216862046e-01
-1.000000000000000000e+00
9.801990460971097274e-01
3.245092346328043442e-02
1.000000000000000000e+00
-7.070916668383664394e-01
-9.902268344063340777e-01
9.016179048923195216e-01
-1.000000000000000000e+00
-1.000000000000000000e+00
-8.276167280211343957e-01
1.000000000000000000e+00
1.000000000000000000e+00
7.641600644063872849e-01
-6.235395519841469003e-02
-1.000000000000000000e+00
-9.162741634444481198e-01
-1.000000000000000000e+00
1.000000000000000000e+00
-5.921203015611880005e-01
6.771514509112006586e-01
-1.000000000000000000e+00
1.000000000000000000e+00
-5.251356544093799261e-01
-1.000000000000000000e+00
-1.000000000000000000e+00
9.481105985900880606e-01
1.000000000000000000e+00
9.253269421814643847e-01
-1.000000000000000000e+00
1.000000000000000000e+00
-1.000000000000000000e+00
-5.627629889157867993e-01
2.452858408394025802e-01
1.000000000000000000e+00
1.000000000000000000e+00
-6.000000000000000888e-01
1.000000000000000000e+00
1.000000000000000000e+00
-1.000000000000000000e+00
1.000000000000000000e+00
-1.000000000000000000e+00
8.838966677704377384e-01
-1.000000000000000000e+00
-1.000000000000000000e+00
-1.000000000000000000e+00
1.000000000000000000e+00
-1.000000000000000000e+00
5.704940612739216599e-01
-1.000000000000000000e+00
-1.000000000000000000e+00
-1.000000000000000000e+00
1.000000000000000000e+00
7.404236283350504877e-01
-1.000000000000000000e+00
-1.000000000000000000e+00
1.000000000000000000e+00
-1.000000000000000000e+00
-6.674576039436133090e-01
1.000000000000000000e+00
-1.000000000000000000e+00
8.892838768912266767e-01
5.807954846595927423e-01
9.999975096687627740e-01
9.683066950923879812e-01
-5.906966805482288807e-01
1.000000000000000000e+00
1.000000000000000000e+00
-6.000000000000000888e-01
1.000000000000000000e+00
-1.000000000000000000e+00
1.000000000000000000e+00
1.000000000000000000e+00
1.000000000000000000e+00
-1.000000000000000000e+00
1.000000000000000000e+00
-1.000000000000000000e+00
-1.000000000000000000e+00
-6.788116819522789225e-01
1.000000000000000000e+00
-1.000000000000000000e+00
-1.000000000000000000e+00
4.921846147665032145e-01
1.000000000000000000e+00
1.000000000000000000e+00
1.000000000000000000e+00
1.000000000000000000e+00
1.000000000000000000e+00
1.000000000000000000e+00
1.000000000000000000e+00
4.328218148206897098e-01
6.341746139327149034e-01
-1.000000000000000000e+00
1.000000000000000000e+00
-2.078793521856716064e-01
-1.000000000000000000e+00
-1.000000000000000000e+00
-1.000000000000000000e+00
1.000000000000000000e+00
7.439999999999999947e-01
-5.898366044454760315e-01
-1.000000000000000000e+00
-1.000000000000000000e+00
-1.000000000000000000e+00
1.000000000000000000e+00
1.000000000000000000e+00
-1.000000000000000000e+00
-6.042398170901167737e-02
1.000000000000000000e+00
1.000000000000000000e+00
1.000000000000000000e+00
-1.000000000000000000e+00
-6.000000000000000888e-01
-9.987248382044041639e-01
-6.356100864981386600e-01
9.314399904068140224e-01
-1.000000000000000000e+00
6.877682654668636486e-01
-9.189145559499072302e-01
1.000000000000000000e+00
1.000000000000000000e+00
-1.000000000000000000e+00
-1.000000000000000000e+00
1.000000000000000000e+00
1.000000000000000000e+00
1.000000000000000000e+00
-9.813139465494147284e-01
-7.856634638974916429e-01
1.000000000000000000e+00
1.000000000000000000e+00
-5.343689163073488402e-01
-2.050978665698197090e-01
-1.000000000000000000e+00
5.343451988573687528e-01
-4.130145116348463152e-01
-1.000000000000000000e+00
