-1.000000000000000000e+00
9.840429008461721860e-01
1.000000000000000000e+00
-3.674501542758473183e-01
8.581132461254816768e-01
-6.800000000000000488e-01
1.000000000000000000e+00
1.000000000000000000e+00
-1.000000000000000000e+00
1.000000000000000000e+00
1.000000000000000000e+00
-1.000000000000000000e+00
-1.000000000000000000e+00
1.000000000000000000e+00
1.000000000000000000e+00
8.918802552597001609e-01
-7.513991366953625128e-01
3.088897595458513501e-01
-1.000000000000000000e+00
1.125753028945745970e-01
1.000000000000000000e+00
1.000000000000000000e+00
1.000000000000000000e+00
-1.000000000000000000e+00
1.000000000000000000e+00
1.000000000000000000e+00
1.000000000000000000e+00
-9.783519251939915007e-01
1.000000000000000000e+00
1.000000000000000000e+00
3.760954473649662511e-01
-5.611618588618580983e-01
-1.000000000000000000e+00
1.000000000000000000e+00
-1.000000000000000000e+00
-1.000000000000000000e+00
-1.719268275131314860e-01
-1.000000000000000000e+00
1.000000000000000000e+00
-1.000000000000000000e+00
1.000000000000000000e+00
-9.597819669880232052e-01
-1.000000000000000000e+00
-1.977336982513549501e-01
-1.000000000000000000e+00
-1.000000000000000000e+00
-1.000000000000000000e+00
6.551794930087959656e-01
-1.000000000000000000e+00
-1.000000000000000000e+00
-1.000000000000000000e+00
-8.825651774368249436e-01
1.000000000000000000e+00
-5.609960400641581524e-01
-1.000000000000000000e+00
-1.000000000000000000e+00
-1.000000000000000000e+00
2.844367284984741229e-01
1.000000000000000000e+00
1.000000000000000000e+00
1.000000000000000000e+00
6.978116562338744222e-01
-1.000000000000000000e+00
-1.000000000000000000e+00
-6.000000000000000888e-01
4.175002562532051931e-01
-1.000000000000000000e+00
1.000000000000000000e+00
1.000000000000000000e+00
9.108278088144169393e-01
4.751337609321305000e-01
-1.000000000000000000e+00
-1.000000000000000000e+00
-6.547452240029598691e-01
1.000000000000000000e+00
-1.000000000000000000e+00
7.135222198178206021e-01
6.565763284000745159e-01
1.000000000000000000e+00
1.000000000000000000e+00
4.523741194471537774e-01
-1.000000000000000000e+00
1.000000000000000000e+00
-1.000000000000000000e+00
-1.000000000000000000e+00
1.000000000000000000e+00
-2.033107363465125328e-01
6.053662749883382821e-01
-4.396990097491501048e-01
-3.022904410533156505e-01
9.604942461924381725e-01
-1.000000000000000000e+00
1.000000000000000000e+00
7.273645281317335787e-01
1.000000000000000000e+00
-6.210844488486272352e-01
1.000000000000000000e+00
5.678844178443032131e-01
-1.000000000000000000e+00
2.747380424260964515e-01
1.000000000000000000e+00
9.278252996222234872e-01
1.000000000000000000e+00
1.000000000000000000e+00
9.652613710658319857e-01
-1.000000000000000000e+00
-1.000000000000000000e+00
1.000000000000000000e+00
6.000000000000000888e-01
1.000000000000000000e+00
1.000000000000000000e+00
9.455531168403740194e-01
-1.000000000000000000e+00
1.000000000000000000e+00
-1.000000000000000000e+00
1.000000000000000000e+00
-1.000000000000000000e+00
-1.000000000000000000e+00
-1.000000000000000000e+00
7.852033371049057520e-01
-2.027323189376821488e-01
-8.890780881160631477e-01
1.000000000000000000e+00
1.000000000000000000e+00
1.000000000000000000e+00
1.000000000000000000e+00
-1.000000000000000000e+00
1.000000000000000000e+00
7.237076169217047106e-01
7.784067971700704414e-01
1.000000000000000000e+00
-1.000000000000000000e+00
-1.000000000000000000e+00
-1.000000000000000000e+00
-1.000000000000000000e+00
4.237871012763021472e-01
1.000000000000000000e+00
1.000000000000000000e+00
1.000000000000000000e+00
-1.000000000000000000e+00
1.000000000000000000e+00
-1.000000000000000000e+00
1.100858419529774368e-01
1.000000000000000000e+00
1.000000000000000000e+00
-3.095390259626805696e-01
-1.000000000000000000e+00
-1.987680077609225160e-01
1.000000000000000000e+00
1.000000000000000000e+00
1.000000000000000000e+00
-3.061606174733073615e-01
1.000000000000000000e+00
-1.000000000000000000e+00
-1.000000000000000000e+00
1.000000000000000000e+00
3.248217151733190367e-01
-4.887990495551635672e-01
2.984675313220538917e-01
8.013583459143297505e-01
-5.309252046047215901e-01
-5.155688064972941964e-01
-1.000000000000000000e+00
-1.000000000000000000e+00
1.000000000000000000e+00
1.000000000000000000e+00
-1.000000000000000000e+00
1.000000000000000000e+00
-1.000000000000000000e+00
-1.000000000000000000e+00
-1.000000000000000000e+00
1.000000000000000000e+00
1.000000000000000000e+00
9.564471892785180174e-01
1.000000000000000000e+00
-5.865125767965435610e-01
1.000000000000000000e+00
-1.190559617854403396e-01
1.000000000000000000e+00
1.000000000000000000e+00
-1.915806787630519037e-01
-9.968633695218827029e-01
-4.773134768177342835e-01
1.000000000000000000e+00
-1.000000000000000000e+00
-6.879601521479963289e-01
-1.000000000000000000e+00
7.403796834689365669e-01
1.000000000000000000e+00
1.000000000000000000e+00
-1.000000000000000000e+00
1.000000000000000000e+00
1.000000000000000000e+00
-1.000000000000000000e+00
1.000000000000000000e+00
-1.000000000000000000e+00
-1.000000000000000000e+00
5.560755698089114851e-01
-1.000000000000000000e+00
1.000000000000000000e+00
5.318823774634309220e-01
1.000000000000000000e+00
-1.000000000000000000e+00
-1.000000000000000000e+00
-1.000000000000000000e+00
1.000000000000000000e+00
1.000000000000000000e+00
-1.000000000000000000e+00
-1.000000000000000000e+00
-3.805015067022657904e-01
-8.016317210289172213e-01
2.670185674285564525e-01
-8.013559481139751473e-01
1.000000000000000000e+00
-6.210570283396986691e-01
-9.795883783756303975e-01
4.932596790062174774e-01
1.000000000000000000e+00
1.000000000000000000e+00
1.000000000000000000e+00
-1.000000000000000000e+00
7.932116665259263399e-01
5.225142213399186497e-01
7.862063801128409413e-01
1.000000000000000000e+00
-8.263738420725074141e-01
7.482075452836096652e-01
-1.000000000000000000e+00
-7.245898867489820594e-01
-9.839817522661893356e-01
4.500685200578108947e-01
8.797399474155567223e-01
1.000000000000000000e+00
-1.000000000000000000e+00
9.080359127680316389e-01
-1.000000000000000000e+00
-2.088352236107302029e-01
1.000000000000000000e+00
-9.086848654927028868e-01
2.933056149518706301e-01
-1.790170195205752213e-01
-1.000000000000000000e+00
-1.000000000000000000e+00
-4.102351984266867230e-02
5.988882223473777078e-01
-3.265697209086609321e-01
9.013044156710472432e-01
-1.000000000000000000e+00
9.738569611808614024e-01
1.000000000000000000e+00
-1.000000000000000000e+00
-1.000000000000000000e+00
1.000000000000000000e+00
4.769733229610537695e-01
-1.000000000000000000e+00
-7.648214170338134554e-01
1.000000000000000000e+00
1.000000000000000000e+00
1.000000000000000000e+00
-4.228880780927223304e-01
-1.000000000000000000e+00
-1.000000000000000000e+00
1.000000000000000000e+00
1.000000000000000000e+00
1.000000000000000000e+00
