1.000000000000000000e+00
1.000000000000000000e+00
-1.000000000000000000e+00
-1.000000000000000000e+00
-7.442954559976943107e-01
-1.000000000000000000e+00
-1.000000000000000000e+00
-1.000000000000000000e+00
1.000000000000000000e+00
-1.000000000000000000e+00
1.000000000000000000e+00
1.000000000000000000e+00
-1.000000000000000000e+00
1.000000000000000000e+00
1.949285885336577429e-01
9.200000000000000400e-01
1.000000000000000000e+00
1.000000000000000000e+00
1.000000000000000000e+00
-1.000000000000000000e+00
-1.000000000000000000e+00
1.000000000000000000e+00
5.433079535588913878e-04
-1.000000000000000000e+00
1.000000000000000000e+00
1.000000000000000000e+00
1.000000000000000000e+00
1.000000000000000000e+00
1.000000000000000000e+00
-9.713698859690997889e-01
5.726331590139641659e-01
-1.000000000000000000e+00
1.000000000000000000e+00
-4.543366728552387102e-01
1.000000000000000000e+00
1.000000000000000000e+00
-1.000000000000000000e+00
-1.000000000000000000e+00
-7.195365411568778180e-01
7.916494305215739935e-01
2.966198703647707768e-01
8.165049868431089042e-01
-1.000000000000000000e+00
1.000000000000000000e+00
1.000000000000000000e+00
1.000000000000000000e+00
9.248608558729477513e-01
1.000000000000000000e+00
1.000000000000000000e+00
-9.241534146153794760e-01
-8.878986540517758153e-01
1.000000000000000000e+00
-9.786972254529346937e-01
-6.272769738850363375e-01
1.000000000000000000e+00
-1.000000000000000000e+00
1.000000000000000000e+00
-1.000000000000000000e+00
1.000000000000000000e+00
1.000000000000000000e+00
-1.000000000000000000e+00
1.000000000000000000e+00
1.000000000000000000e+00
1.000000000000000000e+00
1.000000000000000000e+00
-1.000000000000000000e+00
1.000000000000000000e+00
-1.000000000000000000e+00
1.000000000000000000e+00
2.558567888847605443e-01
-1.000000000000000000e+00
1.000000000000000000e+00
-1.000000000000000000e+00
-1.000000000000000000e+00
-9.980601951291940832e-01
-1.000000000000000000e+00
-1.000000000000000000e+00
1.000000000000000000e+00
-1.000000000000000000e+00
-1.000000000000000000e+00
1.000000000000000000e+00
1.000000000000000000e+00
1.000000000000000000e+00
-1.000000000000000000e+00
-1.000000000000000000e+00
-5.022434392125190161e-01
1.000000000000000000e+00
9.949145187698908988e-01
-1.000000000000000000e+00
-1.000000000000000000e+00
-1.000000000000000000e+00
-1.000000000000000000e+00
1.000000000000000000e+00
1.000000000000000000e+00
1.000000000000000000e+00
-3.533955192059969885e-01
-1.000000000000000000e+00
-1.000000000000000000e+00
1.000000000000000000e+00
1.000000000000000000e+00
1.000000000000000000e+00
-2.229024597751741443e-01
1.000000000000000000e+00
-1.000000000000000000e+00
-9.842228527187465437e-01
-1.000000000000000000e+00
1.000000000000000000e+00
-1.000000000000000000e+00
-1.000000000000000000e+00
-1.000000000000000000e+00
1.000000000000000000e+00
1.000000000000000000e+00
-1.775758695631346751e-01
1.000000000000000000e+00
1.000000000000000000e+00
1.000000000000000000e+00
-1.000000000000000000e+00
-1.000000000000000000e+00
1.000000000000000000e+00
1.000000000000000000e+00
1.000000000000000000e+00
6.748897561964816161e-01
-1.000000000000000000e+00
-1.000000000000000000e+00
1.000000000000000000e+00
1.000000000000000000e+00
-1.000000000000000000e+00
-9.389379623873757019e-01
9.883065627600617908e-01
-6.639332488096438833e-01
1.000000000000000000e+00
1.000000000000000000e+00
1.000000000000000000e+00
1.000000000000000000e+00
1.000000000000000000e+00
7.843802422386763062e-01
5.449556901893278793e-01
1.000000000000000000e+00
-1.000000000000000000e+00
-7.172546921520254193e-01
1.000000000000000000e+00
1.000000000000000000e+00
1.000000000000000000e+00
9.914480860196627221e-01
-1.000000000000000000e+00
-7.879005337822743149e-01
1.000000000000000000e+00
-1.000000000000000000e+00
1.000000000000000000e+00
-1.000000000000000000e+00
-1.000000000000000000e+00
1.000000000000000000e+00
-1.000000000000000000e+00
9.489275912106582833e-01
-8.354957632317230876e-02
-1.000000000000000000e+00
-1.000000000000000000e+00
-1.000000000000000000e+00
-1.000000000000000000e+00
-1.000000000000000000e+00
1.000000000000000000e+00
1.000000000000000000e+00
9.151241579620978950e-01
1.000000000000000000e+00
-1.000000000000000000e+00
-3.041751485183390447e-01
-1.000000000000000000e+00
-1.000000000000000000e+00
-1.000000000000000000e+00
-1.000000000000000000e+00
1.000000000000000000e+00
-1.000000000000000000e+00
1.000000000000000000e+00
-1.000000000000000000e+00
1.000000000000000000e+00
-1.000000000000000000e+00
1.000000000000000000e+00
1.000000000000000000e+00
-9.960590988968414106e-01
-1.000000000000000000e+00
1.000000000000000000e+00
1.000000000000000000e+00
1.000000000000000000e+00
1.000000000000000000e+00
-1.000000000000000000e+00
-1.000000000000000000e+00
1.000000000000000000e+00
-4.723524082102746879e-01
-1.000000000000000000e+00
1.000000000000000000e+00
-6.213458416365321701e-01
-1.204597842226650950e-01
-1.000000000000000000e+00
7.852177791595185141e-01
-8.172706235435349686e-01
-7.201996810084165812e-01
1.000000000000000000e+00
1.000000000000000000e+00
-1.000000000000000000e+00
-1.000000000000000000e+00
-6.952063559766678835e-02
1.000000000000000000e+00
-1.000000000000000000e+00
-6.383181177374057658e-01
1.000000000000000000e+00
1.000000000000000000e+00
1.000000000000000000e+00
1.000000000000000000e+00
-1.000000000000000000e+00
9.921675759541854767e-01
1.000000000000000000e+00
8.604199024471441692e-01
1.000000000000000000e+00
1.000000000000000000e+00
1.000000000000000000e+00
-1.000000000000000000e+00
-1.000000000000000000e+00
9.475545016025597178e-01
1.000000000000000000e+00
1.000000000000000000e+00
4.475781957386942289e-01
1.000000000000000000e+00
1.000000000000000000e+00
-1.000000000000000000e+00
-1.000000000000000000e+00
-1.000000000000000000e+00
-1.000000000000000000e+00
1.000000000000000000e+00
1.000000000000000000e+00
8.417648328323407148e-01
-1.000000000000000000e+00
-9.444413162973552822e-01
-1.000000000000000000e+00
-1.000000000000000000e+00
-3.833988999995890379e-01
-1.000000000000000000e+00
-1.000000000000000000e+00
-5.223075613270017348e-01
1.000000000000000000e+00
-1.000000000000000000e+00
-1.000000000000000000e+00
1.000000000000000000e+00
1.000000000000000000e+00
1.000000000000000000e+00
-1.000000000000000000e+00
1.000000000000000000e+00
3.366431548064418577e-01
-1.000000000000000000e+00
2.309847619342225711e-01
-2.481074932383041387e-01
-2.597363223294254508e-01
1.000000000000000000e+00
9.714256756809365179e-01
-1.000000000000000000e+00
-1.000000000000000000e+00
1.000000000000000000e+00
1.000000000000000000e+00
-9.972457766285286462e-01
1.000000000000000000e+00
-1.000000000000000000e+00
-7.690883100437447828e-01
-5.699168784905869201e-01
-1.000000000000000000e+00
-1.000000000000000000e+00
-1.000000000000000000e+00
