-6.000000000000000888e-01
-8.817604778872802918e-01
-5.505207551821083012e-01
1.000000000000000000e+00
1.000000000000000000e+00
-6.467186098107544634e-01
1.000000000000000000e+00
1.000000000000000000e+00
1.000000000000000000e+00
1.000000000000000000e+00
1.000000000000000000e+00
5.638732250957141368e-01
-5.423090087448370067e-01
4.545431652652939247e-01
1.000000000000000000e+00
1.000000000000000000e+00
1.000000000000000000e+00
-1.366853867925815758e-01
3.220181720146755300e-01
-1.000000000000000000e+00
1.000000000000000000e+00
8.583475720720674662e-01
4.886260349428901972e-01
-1.000000000000000000e+00
2.770666816698131862e-01
-4.063614902577042387e-02
1.000000000000000000e+00
3.618122038877438218e-01
-7.890011679413664325e-01
1.000000000000000000e+00
-1.000000000000000000e+00
9.813038718665879623e-01
1.000000000000000000e+00
-1.000000000000000000e+00
1.000000000000000000e+00
1.000000000000000000e+00
1.000000000000000000e+00
-1.000000000000000000e+00
-9.033781297663596721e-01
-1.000000000000000000e+00
-1.000000000000000000e+00
-1.000000000000000000e+00
5.993565403399476743e-01
1.000000000000000000e+00
1.000000000000000000e+00
1.000000000000000000e+00
-6.156602140380468269e-01
-1.000000000000000000e+00
-1.000000000000000000e+00
6.884422545639852231e-01
-1.000000000000000000e+00
-1.000000000000000000e+00
1.000000000000000000e+00
4.639686691834630783e-01
-7.846384617413082463e-01
1.000000000000000000e+00
1.000000000000000000e+00
8.677870103270362012e-01
1.000000000000000000e+00
-1.000000000000000000e+00
7.232715952993388209e-01
-1.000000000000000000e+00
3.087420881266279560e-01
1.000000000000000000e+00
1.000000000000000000e+00
5.501457102057204507e-01
2.225208545161806994e-01
-2.664763330226299631e-01
-9.956300362060623854e-01
-1.000000000000000000e+00
-1.000000000000000000e+00
-8.057944814163930936e-01
-1.000000000000000000e+00
3.440000000000000835e-01
7.466946742232409839e-01
1.000000000000000000e+00
1.000000000000000000e+00
-1.000000000000000000e+00
1.000000000000000000e+00
1.000000000000000000e+00
1.000000000000000000e+00
6.000000000000000888e-01
-1.000000000000000000e+00
1.000000000000000000e+00
-5.280578924425097798e-01
-5.160058699533583981e-01
-1.000000000000000000e+00
1.000000000000000000e+00
1.000000000000000000e+00
1.121631929550182816e-01
1.000000000000000000e+00
-1.000000000000000000e+00
1.000000000000000000e+00
1.000000000000000000e+00
-8.021491444610546750e-01
1.000000000000000000e+00
8.237870476585378299e-01
-1.000000000000000000e+00
1.000000000000000000e+00
-1.000000000000000000e+00
-1.000000000000000000e+00
-1.000000000000000000e+00
1.000000000000000000e+00
3.825061499045505631e-01
6.026779526562823230e-01
-1.000000000000000000e+00
-1.000000000000000000e+00
-1.000000000000000000e+00
1.000000000000000000e+00
1.000000000000000000e+00
-7.475545990689446141e-01
-1.000000000000000000e+00
-1.000000000000000000e+00
1.000000000000000000e+00
-1.000000000000000000e+00
1.000000000000000000e+00
5.347611924853289123e-02
1.000000000000000000e+00
1.000000000000000000e+00
-1.000000000000000000e+00
-1.000000000000000000e+00
1.000000000000000000e+00
1.000000000000000000e+00
-1.000000000000000000e+00
3.406647611456726787e-01
1.000000000000000000e+00
1.000000000000000000e+00
-1.863828590502720761e-01
1.000000000000000000e+00
6.160000000000001030e-01
-1.000000000000000000e+00
1.000000000000000000e+00
1.000000000000000000e+00
1.000000000000000000e+00
-7.327778000167464167e-01
1.000000000000000000e+00
5.102210986240665047e-01
5.936630196446801566e-01
-1.000000000000000000e+00
-1.000000000000000000e+00
-1.000000000000000000e+00
8.952296603767914140e-01
4.148026656298605674e-01
-8.378311601143924037e-01
-9.591131000692705300e-01
-2.808074476682165255e-01
-5.204673766392642342e-01
9.514771528285915769e-01
8.644221127514924996e-01
-1.000000000000000000e+00
1.000000000000000000e+00
-2.042593224188287149e-01
-1.000000000000000000e+00
-1.000000000000000000e+00
6.869809232931342047e-01
-1.000000000000000000e+00
1.187878580671690165e-01
-1.000000000000000000e+00
1.000000000000000000e+00
1.000000000000000000e+00
8.543346718120596872e-01
1.000000000000000000e+00
-4.606744404803055914e-01
1.000000000000000000e+00
-2.193018528709514692e-01
-1.000000000000000000e+00
1.000000000000000000e+00
-1.000000000000000000e+00
1.000000000000000000e+00
2.450881710836075311e-01
-1.000000000000000000e+00
-1.000000000000000000e+00
-1.000000000000000000e+00
7.800512741860313737e-01
1.000000000000000000e+00
-1.000000000000000000e+00
-2.700741786674344946e-01
-6.414481816463174502e-02
-1.000000000000000000e+00
1.000000000000000000e+00
-1.000000000000000000e+00
3.831674613956747022e-01
1.000000000000000000e+00
1.000000000000000000e+00
-1.000000000000000000e+00
1.000000000000000000e+00
-1.000000000000000000e+00
9.235975824518223298e-01
6.549292940807044383e-02
-1.000000000000000000e+00
1.000000000000000000e+00
-1.000000000000000000e+00
-1.000000000000000000e+00
-1.000000000000000000e+00
-1.000000000000000000e+00
-9.794016593092619294e-02
1.000000000000000000e+00
-1.000000000000000000e+00
-1.000000000000000000e+00
-1.000000000000000000e+00
6.065900455520492063e-01
1.000000000000000000e+00
1.000000000000000000e+00
-4.035352930137861005e-01
-1.000000000000000000e+00
2.094452548912547341e-01
1.000000000000000000e+00
1.000000000000000000e+00
-1.000000000000000000e+00
-1.000000000000000000e+00
-1.000000000000000000e+00
1.000000000000000000e+00
1.000000000000000000e+00
1.000000000000000000e+00
-2.775013357636468836e-01
1.000000000000000000e+00
-6.647929644308374630e-01
5.967868256795217929e-01
-1.000000000000000000e+00
-1.000000000000000000e+00
-1.000000000000000000e+00
-1.000000000000000000e+00
1.000000000000000000e+00
-1.000000000000000000e+00
-5.643536957330418380e-01
6.399579026831052342e-02
-1.000000000000000000e+00
1.000000000000000000e+00
-7.440357289462209422e-01
-8.256247064995666518e-01
1.000000000000000000e+00
-2.992448112829630968e-01
-4.306676873042086240e-01
-6.190608458464711417e-01
-2.036396591531296485e-01
-1.000000000000000000e+00
7.901723609740460841e-01
1.000000000000000000e+00
1.000000000000000000e+00
-1.000000000000000000e+00
-6.773952246511463215e-01
-3.344438292597702866e-01
-1.000000000000000000e+00
9.186317059306471633e-02
1.000000000000000000e+00
-3.910493115141221998e-01
-1.000000000000000000e+00
-1.000000000000000000e+00
1.000000000000000000e+00
-2.767126764579596054e-01
-1.000000000000000000e+00
-1.000000000000000000e+00
-4.324409268838730336e-01
9.570560399539809193e-01
6.000000000000000888e-01
9.055943850287759833e-01
-1.000000000000000000e+00
4.189068414916580774e-01
-1.000000000000000000e+00
1.000000000000000000e+00
-1.000000000000000000e+00
1.000000000000000000e+00
-1.000000000000000000e+00
8.643262694386576184e-02
-1.000000000000000000e+00
