9.309688497089734227e-01
8.415741513397417828e-01
1.000000000000000000e+00
-8.686025915736566017e-01
-3.100411372035799529e-01
1.000000000000000000e+00
-1.000000000000000000e+00
-3.508644149612739072e-01
-1.000000000000000000e+00
1.000000000000000000e+00
-1.000000000000000000e+00
-6.906831111675344470e-01
9.390463964252517837e-01
-1.000000000000000000e+00
2.072352786863778107e-01
-5.433424564993811767e-01
-8.364270504232697023e-01
1.000000000000000000e+00
-1.000000000000000000e+00
-1.000000000000000000e+00
-6.327804907410600199e-01
1.000000000000000000e+00
5.669539986862687231e-01
-1.000000000000000000e+00
-1.000000000000000000e+00
-8.676382611683020052e-01
-1.000000000000000000e+00
-5.850612065433203890e-01
-1.000000000000000000e+00
7.602554839394560782e-01
-7.607846873084792572e-01
-4.423905873664165656e-01
9.879042754012603567e-01
-6.406290994575627451e-01
-9.049705544447250727e-01
-9.739051707294118509e-01
4.157425429098001168e-01
-1.000000000000000000e+00
1.000000000000000000e+00
8.547646003649584934e-01
1.000000000000000000e+00
-2.315005802707900684e-01
-1.000000000000000000e+00
-1.000000000000000000e+00
9.571766980590451501e-02
-9.786358390402791763e-01
-2.278097403987972003e-02
4.273814846354118124e-01
4.058233101937738230e-01
8.670656010340406228e-01
-2.572939374341944307e-01
1.000000000000000000e+00
-3.440000000000000835e-01
1.000000000000000000e+00
1.000000000000000000e+00
-1.000000000000000000e+00
-6.956850630069847385e-01
5.087097898803204510e-01
9.200000000000000400e-01
1.000000000000000000e+00
-1.000000000000000000e+00
5.728434487364686412e-01
-5.756733003571457008e-01
7.624408173673885569e-01
-3.954968306885711105e-01
-1.000000000000000000e+00
-1.000000000000000000e+00
-1.823174428755304222e-01
-1.000000000000000000e+00
-1.000000000000000000e+00
-7.615432346449533263e-01
3.448508338306912613e-01
-5.667275097487727287e-01
-8.438770784569822325e-01
-1.000000000000000000e+00
-6.412383251384869975e-01
8.869877018341222330e-01
-1.000000000000000000e+00
4.244130831822266470e-01
7.649208419052339059e-01
-3.598406183549484050e-01
-3.624056091307117367e-01
-1.000000000000000000e+00
1.000000000000000000e+00
1.000000000000000000e+00
5.511508527542139380e-01
1.000000000000000000e+00
1.000000000000000000e+00
-5.075150643041902443e-01
-9.229696093551252867e-01
8.348593022580004241e-01
-8.956617075233183067e-01
-1.000000000000000000e+00
9.821495687393692053e-01
1.000000000000000000e+00
-3.186925085483296449e-01
2.861808154473668431e-01
1.000000000000000000e+00
1.573574220755981634e-01
3.377344203669174760e-01
-1.000000000000000000e+00
1.000000000000000000e+00
-7.245135962310457201e-01
-1.000000000000000000e+00
-8.642814012567149318e-01
-1.000000000000000000e+00
9.083727378580028211e-02
1.000000000000000000e+00
-4.569636237028015802e-02
-1.000000000000000000e+00
7.038829768377009577e-01
1.000000000000000000e+00
-1.000000000000000000e+00
1.000000000000000000e+00
-1.041035126059317584e-01
1.000000000000000000e+00
-1.000000000000000000e+00
8.784219198162276365e-01
1.000000000000000000e+00
1.000000000000000000e+00
1.000000000000000000e+00
-1.000000000000000000e+00
-1.000000000000000000e+00
9.340135522260230028e-01
1.000000000000000000e+00
6.201956103544554733e-01
-7.964128943271719940e-02
1.000000000000000000e+00
-8.091868074053878424e-01
9.415205141857669879e-01
1.000000000000000000e+00
-1.000000000000000000e+00
3.614230081094876312e-01
1.000000000000000000e+00
-1.000000000000000000e+00
-2.359502591163301632e-01
7.545441014541015567e-01
8.297540596739627627e-01
6.631685623052477885e-01
1.000000000000000000e+00
5.202785762436702433e-01
-6.221665716764592791e-01
1.000000000000000000e+00
-6.000000000000000888e-01
-6.227943450764135136e-01
-1.000000000000000000e+00
-7.045292827217214393e-02
9.777129568381784930e-01
-1.000000000000000000e+00
-9.912988232759287754e-01
-1.000000000000000000e+00
-7.695354345320988276e-01
-1.000000000000000000e+00
1.000000000000000000e+00
-5.229491928491389885e-01
-1.000000000000000000e+00
1.000000000000000000e+00
1.000000000000000000e+00
-3.631188214951025506e-01
9.539833884385612306e-01
1.000000000000000000e+00
6.232111438168714823e-01
-5.125814619611614997e-01
-1.000000000000000000e+00
5.736925436651726384e-01
1.000000000000000000e+00
-1.000000000000000000e+00
1.000000000000000000e+00
2.336182820031188490e-01
1.000000000000000000e+00
4.062256374464471853e-01
1.000000000000000000e+00
-1.000000000000000000e+00
4.339909169072342365e-03
5.424124989808210007e-01
1.907283365002124809e-01
1.000000000000000000e+00
-1.000000000000000000e+00
1.000000000000000000e+00
6.877521590092424697e-01
-1.181111442192557676e-01
-7.338309410667258614e-01
1.000000000000000000e+00
4.184390286894646427e-01
9.298925744750375921e-01
-7.130330683008367920e-01
6.000000000000000888e-01
5.682797577535574352e-01
1.000000000000000000e+00
-3.688657859253055005e-01
-1.703889737265149029e-01
1.000000000000000000e+00
-9.868058567530078040e-01
6.201609538646496445e-01
-6.292804641389688758e-01
-9.363818844127708152e-02
1.000000000000000000e+00
-1.000000000000000000e+00
-1.000000000000000000e+00
-1.000000000000000000e+00
1.000000000000000000e+00
-7.578958408066600594e-01
-5.535036032836641029e-01
9.572595913105931276e-01
-1.000000000000000000e+00
6.026305313791857632e-01
7.283454673925675582e-01
1.000000000000000000e+00
-1.146612751480088899e-02
-6.734696513677138618e-01
-7.204543137555817767e-01
-1.000000000000000000e+00
1.329393876567936950e-01
-4.470515964274288656e-01
-9.041233711565194175e-01
-9.680321300322923816e-01
-9.697287584504634683e-01
-1.000000000000000000e+00
9.695764123959365044e-01
1.000000000000000000e+00
-1.000000000000000000e+00
7.320643201817711443e-01
4.435581058556428147e-01
1.000000000000000000e+00
-1.000000000000000000e+00
1.000000000000000000e+00
-1.000000000000000000e+00
-7.382310515669372464e-01
-1.000000000000000000e+00
-6.000000000000000888e-01
-1.000000000000000000e+00
6.633896022031249284e-01
1.000000000000000000e+00
-1.000000000000000000e+00
1.000000000000000000e+00
9.816109177270582187e-01
-9.773744021336276955e-01
1.000000000000000000e+00
-1.602473992622686083e-01
-1.000000000000000000e+00
-9.745804628565093441e-01
1.000000000000000000e+00
-1.000000000000000000e+00
1.000000000000000000e+00
-1.470600643960877640e-01
8.452186539740493831e-01
-1.000000000000000000e+00
1.000000000000000000e+00
6.749938590457564835e-01
8.026962101340242572e-01
-2.107855928727940253e-01
-7.318090556278356029e-01
-1.349460666239171436e-01
9.473535895269036278e-01
6.380690667902577662e-01
-8.692737448199017170e-01
1.000000000000000000e+00
6.792314023174930160e-01
8.421003011381326120e-01
-6.589739069515017089e-01
-5.557408773139035363e-01
-1.000000000000000000e+00
-1.000000000000000000e+00
1.000000000000000000e+00
-1.000000000000000000e+00
