4.029576308259311679e-01
4.896485368115368053e-01
6.000000000000000888e-01
-5.196297868582093749e-01
1.000000000000000000e+00
4.381469964350420687e-01
9.423651454446027032e-01
-1.000000000000000000e+00
-9.347286889304983193e-01
6.112491920379872212e-01
1.000000000000000000e+00
8.857499410215791125e-01
1.000000000000000000e+00
-1.000000000000000000e+00
1.000000000000000000e+00
-1.000000000000000000e+00
1.000000000000000000e+00
-2.623184175731438916e-01
9.947243069195954579e-01
-1.000000000000000000e+00
-1.000000000000000000e+00
1.000000000000000000e+00
-7.172038519524787104e-01
-1.000000000000000000e+00
-1.000000000000000000e+00
-1.000000000000000000e+00
-1.000000000000000000e+00
1.000000000000000000e+00
-1.000000000000000000e+00
1.000000000000000000e+00
1.000000000000000000e+00
-1.000000000000000000e+00
-1.000000000000000000e+00
1.000000000000000000e+00
-1.000000000000000000e+00
-1.000000000000000000e+00
-1.000000000000000000e+00
-9.777349438085396471e-01
5.867721306523308034e-01
-1.000000000000000000e+00
-1.000000000000000000e+00
-1.000000000000000000e+00
-1.000000000000000000e+00
1.000000000000000000e+00
-8.144145546436221128e-04
1.000000000000000000e+00
-1.000000000000000000e+00
-1.000000000000000000e+00
-2.583352296031120598e-01
-7.460639856092446398e-02
1.000000000000000000e+00
1.000000000000000000e+00
-7.485002738825874413e-01
1.000000000000000000e+00
-1.000000000000000000e+00
1.000000000000000000e+00
1.000000000000000000e+00
1.000000000000000000e+00
1.000000000000000000e+00
1.000000000000000000e+00
1.000000000000000000e+00
-9.184736669327890901e-01
1.000000000000000000e+00
-3.070155180702380804e-01
1.000000000000000000e+00
1.000000000000000000e+00
1.000000000000000000e+00
1.000000000000000000e+00
-1.000000000000000000e+00
-1.000000000000000000e+00
1.000000000000000000e+00
1.000000000000000000e+00
1.000000000000000000e+00
1.000000000000000000e+00
-1.000000000000000000e+00
-1.000000000000000000e+00
1.000000000000000000e+00
-1.000000000000000000e+00
-1.000000000000000000e+00
-1.000000000000000000e+00
6.283840389024154538e-01
-1.000000000000000000e+00
-6.795407190526755459e-01
-1.000000000000000000e+00
1.000000000000000000e+00
1.000000000000000000e+00
1.000000000000000000e+00
1.000000000000000000e+00
6.203728976729292466e-01
8.122319606832897332e-01
1.000000000000000000e+00
1.000000000000000000e+00
9.342990688132866151e-01
-1.000000000000000000e+00
1.000000000000000000e+00
-9.842691352120094272e-01
-1.000000000000000000e+00
1.000000000000000000e+00
-6.314408658790227058e-01
1.000000000000000000e+00
-1.000000000000000000e+00
-1.000000000000000000e+00
-1.000000000000000000e+00
-1.000000000000000000e+00
-1.000000000000000000e+00
1.000000000000000000e+00
-1.000000000000000000e+00
1.000000000000000000e+00
1.000000000000000000e+00
-1.000000000000000000e+00
-1.000000000000000000e+00
1.000000000000000000e+00
1.000000000000000000e+00
-1.000000000000000000e+00
-1.000000000000000000e+00
1.000000000000000000e+00
-1.000000000000000000e+00
1.000000000000000000e+00
-8.035766881819244034e-01
1.000000000000000000e+00
1.000000000000000000e+00
-1.000000000000000000e+00
1.000000000000000000e+00
-6.963906035957736496e-01
1.000000000000000000e+00
1.000000000000000000e+00
1.000000000000000000e+00
-9.414633464796765550e-01
9.635807083230059078e-01
2.447825072195602969e-01
-3.812843606141351760e-01
-1.000000000000000000e+00
-1.000000000000000000e+00
-1.000000000000000000e+00
1.000000000000000000e+00
-9.009579608272673124e-01
1.000000000000000000e+00
2.784082256396485100e-01
-1.000000000000000000e+00
-1.000000000000000000e+00
1.000000000000000000e+00
1.000000000000000000e+00
6.849106554365530508e-01
-1.000000000000000000e+00
-9.995858650095503783e-01
1.000000000000000000e+00
1.000000000000000000e+00
7.727059244347956879e-01
-8.139525123278991137e-01
1.000000000000000000e+00
-1.000000000000000000e+00
1.000000000000000000e+00
1.000000000000000000e+00
1.000000000000000000e+00
-1.000000000000000000e+00
1.000000000000000000e+00
-8.361600601557469536e-01
-9.067344501585001826e-01
1.000000000000000000e+00
1.000000000000000000e+00
1.000000000000000000e+00
8.931533443650345738e-01
-1.000000000000000000e+00
-1.000000000000000000e+00
-1.000000000000000000e+00
-1.000000000000000000e+00
-1.000000000000000000e+00
8.083735805389254958e-01
-1.000000000000000000e+00
-2.579393373451065452e-01
1.000000000000000000e+00
5.424009581597917240e-01
1.000000000000000000e+00
-1.000000000000000000e+00
-1.000000000000000000e+00
5.310857820057702794e-01
-1.000000000000000000e+00
-1.000000000000000000e+00
-1.000000000000000000e+00
1.000000000000000000e+00
-7.416224397423493153e-01
-1.000000000000000000e+00
-1.000000000000000000e+00
-6.970100259486884386e-01
3.981907945204938848e-01
-9.079896372952622752e-01
1.000000000000000000e+00
-3.047586623364609837e-01
-1.000000000000000000e+00
1.000000000000000000e+00
-1.000000000000000000e+00
-9.877836205903096634e-01
-1.000000000000000000e+00
1.000000000000000000e+00
1.000000000000000000e+00
-1.000000000000000000e+00
1.000000000000000000e+00
1.000000000000000000e+00
9.292721652280973021e-01
-1.000000000000000000e+00
-6.556473195671431720e-01
-1.000000000000000000e+00
1.000000000000000000e+00
1.000000000000000000e+00
-1.000000000000000000e+00
1.000000000000000000e+00
1.000000000000000000e+00
1.000000000000000000e+00
1.000000000000000000e+00
-1.000000000000000000e+00
-1.000000000000000000e+00
-6.571814453202303730e-01
1.000000000000000000e+00
1.000000000000000000e+00
-9.705961931781093011e-01
1.000000000000000000e+00
1.000000000000000000e+00
-7.416326646193034389e-01
-1.000000000000000000e+00
9.414168659849387888e-01
1.000000000000000000e+00
1.000000000000000000e+00
-7.562730692365919882e-01
1.000000000000000000e+00
-1.000000000000000000e+00
-1.000000000000000000e+00
-1.000000000000000000e+00
1.000000000000000000e+00
1.000000000000000000e+00
-8.599913894173220053e-01
-1.000000000000000000e+00
-1.000000000000000000e+00
-1.000000000000000000e+00
1.000000000000000000e+00
1.000000000000000000e+00
-1.000000000000000000e+00
-1.000000000000000000e+00
-1.000000000000000000e+00
-1.000000000000000000e+00
1.000000000000000000e+00
-1.000000000000000000e+00
-8.536181538805982516e-01
1.000000000000000000e+00
1.000000000000000000e+00
-7.151476201314926895e-02
-1.000000000000000000e+00
-1.000000000000000000e+00
-1.000000000000000000e+00
-9.400518277975127290e-01
1.000000000000000000e+00
-3.588444977961006144e-01
-6.479958748048419981e-02
9.454755954329832068e-01
9.298961045163820494e-01
9.646992002969512203e-01
1.000000000000000000e+00
-1.000000000000000000e+00
1.000000000000000000e+00
1.000000000000000000e+00
-1.000000000000000000e+00
1.000000000000000000e+00
-1.000000000000000000e+00
1.000000000000000000e+00
-7.368674911913650760e-01
-1.000000000000000000e+00
