1.000000000000000000e+00
-1.000000000000000000e+00
1.172918137257630833e-01
-1.025824583687619806e-01
-1.000000000000000000e+00
-1.035568105852922582e-01
-1.000000000000000000e+00
7.100459617354665243e-02
1.000000000000000000e+00
-1.000000000000000000e+00
7.474466959483372364e-01
7.019121005784374479e-01
5.970981175838465660e-01
7.704579713035336619e-01
5.404876297841333388e-01
-9.364497445580119983e-01
-4.519090497004939477e-01
1.000000000000000000e+00
5.682381607482147601e-01
-1.000000000000000000e+00
4.259245629813522838e-01
-7.002791956885978664e-01
-1.000000000000000000e+00
-5.891325948101048260e-01
-1.757028053489410602e-01
-1.000000000000000000e+00
1.000000000000000000e+00
1.000000000000000000e+00
1.000000000000000000e+00
-1.000000000000000000e+00
1.000000000000000000e+00
5.960120540220430474e-01
-8.649129264573971465e-01
2.817419180221679420e-02
9.650865102801530204e-01
-1.000000000000000000e+00
-8.292326411054289359e-01
4.581799445486441358e-01
5.968408304342361914e-01
-2.993301402797730604e-01
3.609791816559674849e-01
8.441402576524152934e-01
3.535869405337970228e-01
-1.000000000000000000e+00
-3.565883458284102026e-01
-1.635954418619945394e-01
5.048394491888869018e-01
-1.000000000000000000e+00
8.752777410428818072e-01
1.000000000000000000e+00
-1.000000000000000000e+00
-1.000000000000000000e+00
-1.000000000000000000e+00
6.948347622336623619e-01
1.000000000000000000e+00
1.000000000000000000e+00
-1.000000000000000000e+00
1.000000000000000000e+00
-1.000000000000000000e+00
5.104561663783255820e-01
-8.092626936670503923e-01
-8.732734277323045413e-02
-1.000000000000000000e+00
-1.000000000000000000e+00
-1.000000000000000000e+00
6.292222486357945677e-01
1.000000000000000000e+00
-1.000000000000000000e+00
-2.136309760226536292e-01
9.899188309370975380e-01
1.000000000000000000e+00
-1.000000000000000000e+00
-7.646082256983922631e-01
6.952107097482762565e-01
1.000000000000000000e+00
-5.746933338740568831e-02
1.890051662340428984e-01
-1.000000000000000000e+00
6.823666036924325162e-01
-1.000000000000000000e+00
6.797388478831617453e-02
-2.023984449159548227e-01
-7.793953397910391434e-01
7.741311991275184878e-01
-5.886823196954567017e-01
-2.422240980923102416e-01
1.000000000000000000e+00
-7.317169810445536271e-01
1.000000000000000000e+00
1.000000000000000000e+00
6.038418692587770309e-01
-6.463121426342004483e-01
-5.595905797789055836e-01
6.085820781416068082e-01
-2.197965801416148224e-01
-1.000000000000000000e+00
-5.556744043190041671e-01
1.000000000000000000e+00
-7.151548520618057347e-01
-5.413481367461236982e-01
1.000000000000000000e+00
3.632102070956703121e-01
1.000000000000000000e+00
-2.972360734294167139e-01
4.083764211772540897e-01
1.000000000000000000e+00
8.865912706640928231e-01
-1.000000000000000000e+00
1.000000000000000000e+00
-7.683169326380165365e-02
-1.000000000000000000e+00
4.473942034350374963e-01
1.000000000000000000e+00
-5.854658366198552955e-01
5.816360172989103461e-01
-3.491423025742037001e-01
-6.483073907482490572e-01
-1.000000000000000000e+00
1.000000000000000000e+00
6.579856000484513023e-01
7.741767274246691422e-01
6.346938983197613071e-01
-6.681615032346663874e-01
5.868433989545207563e-01
1.000000000000000000e+00
-1.000000000000000000e+00
6.401370049548316121e-01
8.362621673717098858e-01
-8.800674751648235317e-02
1.000000000000000000e+00
-1.000000000000000000e+00
-9.317294603252512797e-01
-3.649027635184730334e-02
1.000000000000000000e+00
-6.828319133180033029e-01
-7.699276091101319164e-01
-9.745270145468805101e-01
-7.439806155027928192e-01
7.229027592519681189e-01
8.197369506889212731e-01
3.171746234769894923e-01
7.064502279055207001e-01
-9.156411666343987621e-01
-1.000000000000000000e+00
-1.000000000000000000e+00
-6.388240447321236193e-01
1.000000000000000000e+00
-1.000000000000000000e+00
-9.470305413299909270e-02
-1.000000000000000000e+00
-2.186738967165858250e-01
-6.452400892037787328e-01
-1.000000000000000000e+00
1.000000000000000000e+00
-9.046264219703904486e-01
1.000000000000000000e+00
1.000000000000000000e+00
1.000000000000000000e+00
-1.000000000000000000e+00
1.000000000000000000e+00
-9.630570359263741775e-02
1.000000000000000000e+00
5.142158143999022712e-01
-1.000000000000000000e+00
-1.000000000000000000e+00
5.648784327534280836e-01
-1.000000000000000000e+00
1.000000000000000000e+00
1.000000000000000000e+00
-5.595233405202215682e-01
-4.945925366307987181e-01
-1.226377393286544326e-01
1.000000000000000000e+00
6.149565744005751622e-01
1.000000000000000000e+00
9.401023785018522982e-01
9.490897488226975875e-01
-8.099474215325330739e-02
-1.854937855295808458e-01
2.190387650794386465e-01
-1.000000000000000000e+00
-1.000000000000000000e+00
-1.000000000000000000e+00
-1.000000000000000000e+00
1.000000000000000000e+00
1.000000000000000000e+00
8.614410240503207472e-01
1.000000000000000000e+00
1.000000000000000000e+00
1.000000000000000000e+00
-1.000000000000000000e+00
8.817657883454290690e-01
1.000000000000000000e+00
3.303286993313503395e-01
-1.000000000000000000e+00
2.291176328239005744e-01
-4.266643944059407279e-01
-9.885399354190256282e-01
2.847110299909211273e-02
-1.864376091543646363e-01
-1.000000000000000000e+00
7.349082566901306984e-03
1.000000000000000000e+00
9.227292097566768270e-01
-1.000000000000000000e+00
-1.989542100964436511e-01
2.197437937540983391e-02
-6.628307920173075463e-01
-9.470835581867668163e-01
6.793512248195597847e-01
-1.000000000000000000e+00
-1.000000000000000000e+00
-8.483978235571572046e-01
1.000000000000000000e+00
-4.953899274417567500e-01
-1.000000000000000000e+00
-9.664165821522446853e-01
1.000000000000000000e+00
-1.000000000000000000e+00
-9.878009571571443326e-01
1.000000000000000000e+00
-3.755848110707943888e-01
-5.686646648472175603e-01
1.000000000000000000e+00
-3.728327650001850291e-01
8.072961810237803126e-01
-4.044288762812715543e-01
1.000000000000000000e+00
2.808791012123651454e-01
1.000000000000000000e+00
-1.000000000000000000e+00
9.660864189939593061e-01
4.312363076823930164e-01
1.000000000000000000e+00
1.000000000000000000e+00
1.000000000000000000e+00
4.347178998118543802e-01
9.952076640651829065e-01
1.000000000000000000e+00
8.366092710001364896e-01
-1.000000000000000000e+00
1.000000000000000000e+00
-1.000000000000000000e+00
-9.329796775746581616e-01
9.745446367717586211e-01
-1.000000000000000000e+00
-8.045066594876393307e-01
2.181975504982476000e-01
1.000000000000000000e+00
6.072777065012641140e-02
6.676079194713311349e-01
-1.000000000000000000e+00
2.186008926687665888e-02
1.000000000000000000e+00
-1.000000000000000000e+00
-9.259681659114837871e-01
-5.637261318614450456e-01
1.000000000000000000e+00
1.000000000000000000e+00
-1.000000000000000000e+00
2.299155006822763692e-01
-7.026522884612166342e-01
6.268720647660223078e-01
9.723853376948065064e-01
7.008728239616487388e-01
