1.000000000000000000e+00
-1.941117098593565515e-01
-1.000000000000000000e+00
1.000000000000000000e+00
8.589239599676429249e-01
8.853675981610108492e-01
-3.362514331124210054e-01
-8.527688401930157980e-01
1.000000000000000000e+00
1.000000000000000000e+00
1.330448851752346062e-01
-1.000000000000000000e+00
-1.000000000000000000e+00
1.000000000000000000e+00
1.000000000000000000e+00
9.433905428761701906e-01
-1.049706112638756489e-01
-1.000000000000000000e+00
2.814751060431998075e-01
1.000000000000000000e+00
-2.283040472785700659e-01
-1.000000000000000000e+00
1.000000000000000000e+00
6.160000000000001030e-01
1.000000000000000000e+00
-1.000000000000000000e+00
9.396046778569775437e-01
-1.000000000000000000e+00
-1.000000000000000000e+00
1.000000000000000000e+00
1.000000000000000000e+00
-1.000000000000000000e+00
8.499795267936377519e-01
1.000000000000000000e+00
1.000000000000000000e+00
1.000000000000000000e+00
-6.866926390959804394e-01
1.000000000000000000e+00
-1.000000000000000000e+00
-1.000000000000000000e+00
-1.000000000000000000e+00
-9.739500081201535320e-01
9.310227099983736654e-01
-6.000000000000000888e-01
9.032492040863807636e-01
-5.708184955516548698e-01
4.938022604588667153e-01
-1.000000000000000000e+00
1.239644130869164140e-01
1.000000000000000000e+00
1.000000000000000000e+00
-1.000000000000000000e+00
1.000000000000000000e+00
-8.683344785332067772e-01
1.000000000000000000e+00
8.055911071017499703e-01
1.000000000000000000e+00
7.432631072488625756e-01
-1.000000000000000000e+00
-1.000000000000000000e+00
-3.908822161406063089e-01
4.971744365451841174e-01
-9.678064266476411603e-01
-1.000000000000000000e+00
1.228282455993216227e-01
-1.000000000000000000e+00
1.000000000000000000e+00
-1.000000000000000000e+00
-1.000000000000000000e+00
1.000000000000000000e+00
-1.000000000000000000e+00
1.000000000000000000e+00
1.000000000000000000e+00
1.000000000000000000e+00
1.000000000000000000e+00
-9.958791289062035590e-01
-6.322574042214377243e-01
1.000000000000000000e+00
6.190961318234817767e-01
8.167730013325291694e-01
-9.318969242513526208e-01
1.000000000000000000e+00
-1.000000000000000000e+00
1.000000000000000000e+00
1.000000000000000000e+00
1.000000000000000000e+00
1.000000000000000000e+00
-2.885074567442946214e-01
8.711204318256384749e-01
1.000000000000000000e+00
1.000000000000000000e+00
-1.000000000000000000e+00
-1.000000000000000000e+00
9.142400183920531553e-01
9.295741769276100186e-01
1.000000000000000000e+00
1.000000000000000000e+00
1.410702000974550785e-01
-1.000000000000000000e+00
-9.839853181799096404e-01
-1.000000000000000000e+00
1.000000000000000000e+00
-1.000000000000000000e+00
-1.000000000000000000e+00
-1.000000000000000000e+00
1.000000000000000000e+00
7.266278559098369172e-01
9.707619668204299224e-01
-1.000000000000000000e+00
-1.000000000000000000e+00
2.077420708103285829e-01
7.469014292583855408e-01
-3.303288970977124039e-01
-8.168468304581359973e-01
-1.000000000000000000e+00
-1.000000000000000000e+00
-8.195227775520583791e-01
2.800000000000001377e-01
-1.000000000000000000e+00
1.000000000000000000e+00
7.260609107581237343e-01
1.000000000000000000e+00
-9.999902961073227070e-01
-1.000000000000000000e+00
-1.000000000000000000e+00
-1.000000000000000000e+00
9.999406977256553031e-01
-1.000000000000000000e+00
-1.000000000000000000e+00
-1.000000000000000000e+00
9.512561958169574172e-01
1.000000000000000000e+00
-9.965807071750887314e-01
-1.000000000000000000e+00
-1.000000000000000000e+00
-2.229419962864324090e-01
1.000000000000000000e+00
1.000000000000000000e+00
-1.000000000000000000e+00
9.415236611380244369e-01
1.000000000000000000e+00
1.000000000000000000e+00
9.398618992170343356e-01
1.000000000000000000e+00
-7.795882602922035165e-01
-1.000000000000000000e+00
1.000000000000000000e+00
-1.000000000000000000e+00
1.000000000000000000e+00
-1.000000000000000000e+00
-3.352465573232721319e-01
2.440346578181223358e-01
-1.000000000000000000e+00
1.000000000000000000e+00
-3.244495883821985061e-02
-1.000000000000000000e+00
-1.000000000000000000e+00
9.918293677518800200e-01
-8.806108906468552711e-01
-9.154605138431242128e-01
-1.000000000000000000e+00
-1.000000000000000000e+00
3.431297963275181662e-02
1.000000000000000000e+00
-1.000000000000000000e+00
1.000000000000000000e+00
-1.000000000000000000e+00
3.600000000000000977e-01
1.000000000000000000e+00
-1.000000000000000000e+00
1.000000000000000000e+00
1.000000000000000000e+00
1.000000000000000000e+00
9.213647205386290562e-01
-8.398531000593740803e-01
1.000000000000000000e+00
1.000000000000000000e+00
7.333848745298627847e-01
4.435284865229471851e-01
-1.000000000000000000e+00
1.000000000000000000e+00
1.000000000000000000e+00
-1.798521444849360829e-01
-1.000000000000000000e+00
1.000000000000000000e+00
-1.000000000000000000e+00
-7.462061516582302323e-01
-1.000000000000000000e+00
1.000000000000000000e+00
7.646663510036618705e-01
-1.000000000000000000e+00
6.782151412595811557e-01
1.000000000000000000e+00
8.364034861745567317e-01
-7.581125897123703883e-01
8.507575700927486606e-01
-7.962491951088015441e-01
-2.142545033436645263e-01
1.000000000000000000e+00
1.000000000000000000e+00
-1.000000000000000000e+00
-1.000000000000000000e+00
-1.000000000000000000e+00
1.000000000000000000e+00
-9.564166299310759012e-01
-1.000000000000000000e+00
-1.000000000000000000e+00
1.000000000000000000e+00
1.000000000000000000e+00
1.000000000000000000e+00
-1.000000000000000000e+00
-1.000000000000000000e+00
1.000000000000000000e+00
1.000000000000000000e+00
1.000000000000000000e+00
-1.000000000000000000e+00
-1.000000000000000000e+00
1.000000000000000000e+00
1.000000000000000000e+00
1.000000000000000000e+00
1.000000000000000000e+00
-1.000000000000000000e+00
1.000000000000000000e+00
1.000000000000000000e+00
6.000000000000000888e-01
-1.000000000000000000e+00
1.000000000000000000e+00
3.560303612835211684e-01
1.000000000000000000e+00
-1.000000000000000000e+00
-1.000000000000000000e+00
-1.000000000000000000e+00
-6.908785975882416608e-01
1.000000000000000000e+00
-1.000000000000000000e+00
-1.000000000000000000e+00
-1.000000000000000000e+00
1.000000000000000000e+00
6.976713036143240565e-01
-1.000000000000000000e+00
-1.000000000000000000e+00
-2.428574833677158984e-01
-1.689213143454824928e-01
1.000000000000000000e+00
1.000000000000000000e+00
8.431442407210457679e-01
-1.000000000000000000e+00
-1.000000000000000000e+00
1.000000000000000000e+00
-1.000000000000000000e+00
3.440000000000000835e-01
1.000000000000000000e+00
1.000000000000000000e+00
1.000000000000000000e+00
1.000000000000000000e+00
-1.000000000000000000e+00
-5.848764419308780660e-01
-7.938455114272322533e-01
1.000000000000000000e+00
1.000000000000000000e+00
-1.000000000000000000e+00
-1.000000000000000000e+00
1.000000000000000000e+00
-6.598079233768208707e-02
-7.820162034383788541e-01
