-1.000000000000000000e+00
1.000000000000000000e+00
4.043963936926794345e-01
-6.151869397057887490e-01
2.330399630326240312e-01
7.153048710763401097e-01
1.000000000000000000e+00
-9.856286808641694375e-01
-7.255636108067282652e-01
-1.000000000000000000e+00
-1.000000000000000000e+00
-3.291243568118366047e-01
-9.423522235998669228e-01
-7.487269282002645410e-01
4.858880569072667743e-01
6.666181320129149768e-01
-8.410301243573726770e-01
9.802195144604107790e-01
2.581173858279631750e-01
1.000000000000000000e+00
-1.464641723819032348e-01
2.800000000000001377e-01
-1.000000000000000000e+00
-5.533480664142615968e-01
-1.000000000000000000e+00
3.431378231787847177e-01
7.862165776343502666e-01
4.747534468569774013e-01
-5.489633508386648764e-01
1.000000000000000000e+00
3.806749016894364068e-01
-7.168212320242332014e-01
2.721727237424943491e-01
-4.188702302912459818e-01
-1.071605762395972938e-01
2.312943833680547456e-01
-9.135608471032314881e-01
1.000000000000000000e+00
1.000000000000000000e+00
-1.000000000000000000e+00
9.410766231938014204e-02
-5.653007020809157623e-01
-2.449977609314609728e-01
1.000000000000000000e+00
1.831205155637838367e-01
-1.884549533388413800e-01
1.000000000000000000e+00
-1.000000000000000000e+00
-5.233679504980647684e-02
2.673731674047420404e-01
1.000000000000000000e+00
-1.000000000000000000e+00
-5.290072648218971940e-01
-1.000000000000000000e+00
8.731909118323767371e-01
-1.195690722598563849e-01
1.000000000000000000e+00
1.000000000000000000e+00
1.000000000000000000e+00
-6.635131262502469429e-01
-9.610303120365730756e-01
-2.800000000000001377e-01
6.000000000000000888e-01
1.000000000000000000e+00
5.787318310420463963e-01
7.057966968522740858e-01
-1.000000000000000000e+00
6.809584136873703120e-01
-6.973838717194151826e-01
1.000000000000000000e+00
-1.000000000000000000e+00
-5.035829219288125991e-01
1.000000000000000000e+00
-1.000000000000000000e+00
9.629489101976422827e-01
1.000000000000000000e+00
-1.000000000000000000e+00
6.169423126004847102e-02
-1.000000000000000000e+00
-1.000000000000000000e+00
-1.000000000000000000e+00
9.046308929989230752e-01
3.879020148069511204e-02
-1.000000000000000000e+00
1.000000000000000000e+00
-6.000000000000000888e-01
-1.000000000000000000e+00
-1.000000000000000000e+00
-1.000000000000000000e+00
-1.000000000000000000e+00
7.199634600967894649e-01
-6.800000000000000488e-01
1.000000000000000000e+00
-9.657150676961219204e-01
-1.066191927080306495e-01
1.000000000000000000e+00
-6.583273117771171190e-01
-1.000000000000000000e+00
-3.640153027532797014e-02
8.589879062436727164e-01
9.721632470659946623e-01
9.172251606741093077e-01
3.021917025487805830e-01
-4.303499576038816166e-01
1.000000000000000000e+00
1.000000000000000000e+00
-8.396045091725291565e-01
7.081658363496391717e-02
1.000000000000000000e+00
7.496516490581964787e-01
1.000000000000000000e+00
1.000000000000000000e+00
5.331843460192495776e-01
5.493651069547839105e-01
9.682829412288493920e-01
4.333297879985448242e-02
1.000000000000000000e+00
-1.000000000000000000e+00
1.313171310057633656e-01
-3.238172365295641231e-01
-7.188586595753410080e-02
-7.136046847511929858e-01
1.000000000000000000e+00
7.923233907218295569e-01
-5.891789517342440607e-01
-1.000000000000000000e+00
-8.303856347960211215e-01
8.916469304314872391e-01
-4.820015263224575741e-01
1.000000000000000000e+00
-9.121132165974752404e-01
-9.181523747950360859e-01
-3.573707376153424375e-01
-1.000000000000000000e+00
-6.589901756512019926e-01
4.346229694497423246e-01
1.331465798195425598e-01
4.645203030441313885e-01
9.833681523995769780e-01
1.000000000000000000e+00
4.397088869770120478e-01
-1.000000000000000000e+00
-2.271670878021046225e-01
1.000000000000000000e+00
1.000000000000000000e+00
-1.000000000000000000e+00
-1.000000000000000000e+00
1.000000000000000000e+00
1.000000000000000000e+00
7.762442608169113356e-01
1.000000000000000000e+00
1.000000000000000000e+00
-1.000000000000000000e+00
-1.000000000000000000e+00
1.000000000000000000e+00
8.948093671632799673e-01
7.948601122908961480e-01
6.000000000000000888e-01
-3.794250303631719889e-01
7.886988386530192630e-01
3.046067587702164792e-01
-1.000000000000000000e+00
-9.360000000000000542e-01
-8.837376055544035047e-01
1.000000000000000000e+00
1.000000000000000000e+00
2.050824137556979121e-01
1.000000000000000000e+00
3.525875242746561167e-01
-1.000000000000000000e+00
6.346822468875005230e-01
6.107207300792929505e-01
1.000000000000000000e+00
1.000000000000000000e+00
-1.000000000000000000e+00
-6.345841085983010554e-01
-5.580480635735297623e-01
-4.648837490413373907e-01
-1.000000000000000000e+00
-9.200000000000000400e-01
8.157851808022136275e-01
-4.099041497435005899e-01
1.000000000000000000e+00
1.000000000000000000e+00
1.000000000000000000e+00
1.578094880778525833e-01
9.185926435198998874e-01
3.016764561022215463e-01
-1.696038942164900809e-01
1.000000000000000000e+00
6.083781235655958408e-01
-5.099224019948621622e-01
-1.000000000000000000e+00
-4.599989037757893917e-01
9.884714289123119890e-01
1.000000000000000000e+00
-7.950335949529563351e-01
-1.000000000000000000e+00
9.334956106686757016e-01
-3.415040437514130778e-01
5.294648147226540535e-01
4.690011221550326459e-01
-1.000000000000000000e+00
1.000000000000000000e+00
-1.000000000000000000e+00
7.194333945652300333e-01
1.000000000000000000e+00
1.000000000000000000e+00
5.264576108426024525e-01
-8.204370722678397398e-02
-1.000000000000000000e+00
-9.836843133975055053e-01
1.000000000000000000e+00
4.225481561823202226e-01
-2.239132322795850394e-03
-1.000000000000000000e+00
1.000000000000000000e+00
-7.040514811537523787e-01
-1.000000000000000000e+00
1.000000000000000000e+00
-8.595881905550766255e-01
-7.097834657690272886e-01
-2.219626736329774475e-02
8.078585474998247751e-01
-1.000000000000000000e+00
-7.447810621331085734e-02
-1.000000000000000000e+00
-3.354810716894742750e-01
1.000000000000000000e+00
-9.908953225327048475e-01
-1.000000000000000000e+00
6.973581954565338803e-02
1.000000000000000000e+00
-1.000000000000000000e+00
-3.632910433578061538e-01
-2.847577216863807492e-01
6.187226236359326670e-01
1.000000000000000000e+00
-6.590230167852179077e-01
1.000000000000000000e+00
8.971317760572912192e-01
-2.728331261079464665e-01
-1.000000000000000000e+00
-1.000000000000000000e+00
-1.000000000000000000e+00
1.034932471463620163e-01
1.000000000000000000e+00
-1.000000000000000000e+00
-1.000000000000000000e+00
1.000000000000000000e+00
1.000000000000000000e+00
5.015350856146622016e-01
-6.626120124045673521e-01
1.000000000000000000e+00
-1.000000000000000000e+00
-1.000000000000000000e+00
-1.000000000000000000e+00
9.339246654080509691e-01
1.000000000000000000e+00
-7.691886970725624328e-01
-1.000000000000000000e+00
-1.000000000000000000e+00
9.786613864483890701e-01
4.955179837178385061e-01
-1.000000000000000000e+00
