9.406201002637840647e-01
-1.000000000000000000e+00
-1.000000000000000000e+00
-9.487999999999999767e-01
-1.000000000000000000e+00
1.000000000000000000e+00
-1.000000000000000000e+00
-1.000000000000000000e+00
1.000000000000000000e+00
-1.000000000000000000e+00
1.000000000000000000e+00
-1.000000000000000000e+00
-1.299075963312805448e-01
5.902594767340312298e-01
1.000000000000000000e+00
1.000000000000000000e+00
1.000000000000000000e+00
-6.000000000000000888e-01
-1.000000000000000000e+00
-1.000000000000000000e+00
-1.000000000000000000e+00
9.999912355790812057e-01
1.000000000000000000e+00
-1.000000000000000000e+00
-1.000000000000000000e+00
-1.000000000000000000e+00
-7.791785075919333003e-01
5.841395334035255349e-01
1.000000000000000000e+00
-6.012099891096739368e-02
-9.176694233136819534e-01
9.505098935711310260e-01
-5.444986574384123035e-01
-1.000000000000000000e+00
-1.000000000000000000e+00
-1.000000000000000000e+00
1.000000000000000000e+00
9.912022064970403834e-01
1.000000000000000000e+00
9.925139809749630171e-01
5.090525091231639099e-01
-1.000000000000000000e+00
1.000000000000000000e+00
1.000000000000000000e+00
-1.000000000000000000e+00
1.000000000000000000e+00
-4.380884823507020798e-01
-1.000000000000000000e+00
-1.000000000000000000e+00
-2.131573818988386215e-01
1.000000000000000000e+00
1.775975113177255815e-01
-1.000000000000000000e+00
-1.000000000000000000e+00
-1.000000000000000000e+00
1.000000000000000000e+00
9.759704172097348751e-01
1.000000000000000000e+00
7.888970332813484143e-01
-1.668531913552200874e-01
8.382868441995542375e-01
7.739982106131144679e-01
1.000000000000000000e+00
-1.000000000000000000e+00
-1.000000000000000000e+00
-1.000000000000000000e+00
-1.000000000000000000e+00
-1.000000000000000000e+00
-1.000000000000000000e+00
1.000000000000000000e+00
-1.000000000000000000e+00
-1.000000000000000000e+00
1.000000000000000000e+00
-5.917413773188620052e-01
1.000000000000000000e+00
-1.000000000000000000e+00
1.000000000000000000e+00
-1.000000000000000000e+00
-1.000000000000000000e+00
-1.000000000000000000e+00
1.000000000000000000e+00
-9.200000000000000400e-01
6.000000000000000888e-01
-1.000000000000000000e+00
5.419893735661287515e-01
-1.000000000000000000e+00
1.000000000000000000e+00
-1.000000000000000000e+00
-1.000000000000000000e+00
-1.000000000000000000e+00
1.000000000000000000e+00
9.989790467057164669e-01
7.814091465673627113e-01
1.000000000000000000e+00
6.500417290700065687e-01
1.000000000000000000e+00
-1.000000000000000000e+00
-1.000000000000000000e+00
-1.000000000000000000e+00
6.578369168210942419e-01
1.000000000000000000e+00
3.094061988605258939e-01
1.000000000000000000e+00
-1.000000000000000000e+00
1.000000000000000000e+00
6.000000000000000888e-01
-1.000000000000000000e+00
1.000000000000000000e+00
1.000000000000000000e+00
1.000000000000000000e+00
-1.000000000000000000e+00
1.000000000000000000e+00
6.594218879402297118e-01
-1.000000000000000000e+00
-4.903171783719966204e-01
-1.000000000000000000e+00
1.000000000000000000e+00
-1.000000000000000000e+00
1.000000000000000000e+00
1.000000000000000000e+00
7.555379748801940298e-01
1.000000000000000000e+00
1.000000000000000000e+00
1.000000000000000000e+00
1.000000000000000000e+00
1.000000000000000000e+00
-1.000000000000000000e+00
1.000000000000000000e+00
-3.988036141693010461e-02
-1.000000000000000000e+00
-1.000000000000000000e+00
-6.000000000000000888e-01
-1.000000000000000000e+00
-8.007595367730054869e-01
-1.000000000000000000e+00
1.000000000000000000e+00
1.000000000000000000e+00
-1.000000000000000000e+00
1.000000000000000000e+00
4.097355769900847822e-01
1.000000000000000000e+00
6.327752042560680357e-01
1.000000000000000000e+00
1.000000000000000000e+00
9.567213326047732114e-01
-1.000000000000000000e+00
-1.000000000000000000e+00
-1.000000000000000000e+00
5.845872189320397982e-01
-6.271688897761813486e-01
-1.000000000000000000e+00
-1.000000000000000000e+00
-1.000000000000000000e+00
2.027783740241715371e-01
1.000000000000000000e+00
-1.000000000000000000e+00
1.000000000000000000e+00
-1.000000000000000000e+00
1.000000000000000000e+00
-1.000000000000000000e+00
1.000000000000000000e+00
-1.000000000000000000e+00
1.000000000000000000e+00
7.048849254100199024e-01
-1.000000000000000000e+00
1.000000000000000000e+00
1.000000000000000000e+00
1.000000000000000000e+00
-1.000000000000000000e+00
8.390523918890345767e-01
1.000000000000000000e+00
-1.000000000000000000e+00
-1.000000000000000000e+00
1.000000000000000000e+00
-9.562462555397071018e-01
7.731601169381788763e-01
1.000000000000000000e+00
-1.000000000000000000e+00
1.000000000000000000e+00
-1.000000000000000000e+00
-9.919078343608749293e-01
1.359157044817818349e-01
1.120009909111990831e-02
-6.463022161443048308e-01
8.249214745415742733e-01
1.000000000000000000e+00
1.000000000000000000e+00
-2.618560752012683568e-01
-1.000000000000000000e+00
-1.000000000000000000e+00
-9.923096211924077314e-01
1.000000000000000000e+00
9.071270043671451067e-01
-1.000000000000000000e+00
1.000000000000000000e+00
-1.000000000000000000e+00
1.000000000000000000e+00
-1.000000000000000000e+00
-1.000000000000000000e+00
-5.167049226508307891e-02
2.847330775423269622e-01
-1.000000000000000000e+00
9.412085714904681044e-01
-1.000000000000000000e+00
1.000000000000000000e+00
-1.000000000000000000e+00
-9.945416673220075499e-01
1.000000000000000000e+00
-1.000000000000000000e+00
-1.000000000000000000e+00
-1.000000000000000000e+00
-1.000000000000000000e+00
1.000000000000000000e+00
1.000000000000000000e+00
-1.000000000000000000e+00
-6.349604225019509496e-01
-5.331376566789548521e-01
-9.848007126973654102e-02
-8.723195219471757689e-01
1.000000000000000000e+00
1.000000000000000000e+00
8.407993740764172497e-01
1.000000000000000000e+00
1.000000000000000000e+00
-2.204822972737280895e-01
-1.000000000000000000e+00
-1.000000000000000000e+00
1.000000000000000000e+00
1.000000000000000000e+00
1.000000000000000000e+00
-7.708179776329854294e-01
-1.000000000000000000e+00
8.995969670028460818e-01
-1.280926738104185558e-01
1.000000000000000000e+00
-1.000000000000000000e+00
-1.000000000000000000e+00
1.000000000000000000e+00
1.000000000000000000e+00
1.000000000000000000e+00
1.000000000000000000e+00
1.000000000000000000e+00
1.000000000000000000e+00
1.000000000000000000e+00
9.407799530417224609e-01
-1.000000000000000000e+00
-6.000000000000000888e-01
9.539976735861598334e-01
1.000000000000000000e+00
-1.000000000000000000e+00
-8.776404905891802555e-01
3.586047849703087320e-01
1.000000000000000000e+00
1.000000000000000000e+00
1.000000000000000000e+00
-1.000000000000000000e+00
1.000000000000000000e+00
1.000000000000000000e+00
-9.657722112657853852e-01
-1.000000000000000000e+00
8.593335905441413791e-01
-1.000000000000000000e+00
1.000000000000000000e+00
1.000000000000000000e+00
-4.240459152274587140e-01
