-1.000000000000000000e+00
4.665914946815188369e-01
-9.367480312218303684e-01
7.346808773388604497e-01
-9.326006860963780287e-01
-9.019494581759476270e-01
1.000000000000000000e+00
-1.000000000000000000e+00
-1.000000000000000000e+00
-1.816200337727262581e-01
-3.641208942985864061e-01
-1.000000000000000000e+00
-7.866621204585133587e-01
-1.000000000000000000e+00
1.000000000000000000e+00
6.607737892610062724e-01
6.426695018457276865e-01
-1.000000000000000000e+00
-1.000000000000000000e+00
-1.000000000000000000e+00
-1.000000000000000000e+00
6.133970340559755652e-01
8.936101976820829407e-01
-9.153334599996983956e-01
-1.000000000000000000e+00
-4.840074567119594384e-01
-1.000000000000000000e+00
1.000000000000000000e+00
8.290054953554433226e-01
4.158554860426733057e-02
-1.000000000000000000e+00
-1.000000000000000000e+00
-1.000000000000000000e+00
-1.000000000000000000e+00
-5.164435939209000015e-02
1.000000000000000000e+00
-1.000000000000000000e+00
-4.806338080967398896e-01
-8.246392234627600848e-01
1.000000000000000000e+00
-8.543814729944303465e-01
1.000000000000000000e+00
-8.075457431999496505e-01
-9.502796769050682046e-01
9.350223836363895646e-01
2.542985772128802946e-01
1.000000000000000000e+00
-1.000000000000000000e+00
6.838755613299286884e-02
1.000000000000000000e+00
6.000000000000000888e-01
-6.655519193174770365e-01
1.000000000000000000e+00
-1.000000000000000000e+00
-7.793373340877928213e-01
1.000000000000000000e+00
-1.000000000000000000e+00
-1.000000000000000000e+00
8.828939721728937817e-01
2.891650359757728106e-01
1.000000000000000000e+00
-1.000000000000000000e+00
-6.018042335495009665e-01
-6.450571872048802557e-01
7.233358758434338398e-03
-1.415978883633492447e-01
3.681630168069962017e-01
-1.000000000000000000e+00
1.461400421990073362e-01
-1.000000000000000000e+00
-6.699685533622958822e-01
1.000000000000000000e+00
-2.843433587026953854e-02
1.000000000000000000e+00
-1.000000000000000000e+00
-1.000000000000000000e+00
-6.160905893727688376e-01
-1.000000000000000000e+00
-9.148249317705888783e-01
7.180950678468033255e-01
-1.000000000000000000e+00
-9.736643526891014533e-01
-2.304640977793112055e-01
4.154953590460866431e-02
-5.136589837230765010e-01
-1.000000000000000000e+00
1.000000000000000000e+00
1.000000000000000000e+00
-3.751281839931164264e-02
-9.957793492282713821e-01
9.756652028335208726e-01
1.000000000000000000e+00
-3.549096306137630163e-01
1.000000000000000000e+00
1.000000000000000000e+00
8.998861803896193168e-01
-6.000000000000000888e-01
-7.311951608559790206e-01
-4.946671396774846574e-01
1.000000000000000000e+00
1.000000000000000000e+00
5.032323320930403021e-01
1.000000000000000000e+00
1.000000000000000000e+00
1.000000000000000000e+00
-3.498064543602230625e-01
-8.293150621983065296e-01
-1.000000000000000000e+00
-1.000000000000000000e+00
1.000000000000000000e+00
-1.000000000000000000e+00
8.873952011487515890e-01
-1.000000000000000000e+00
5.814361371128693445e-01
-9.680257572348710537e-01
1.000000000000000000e+00
-1.000000000000000000e+00
-6.943076259459398658e-01
-3.267419923183250696e-01
-1.000000000000000000e+00
1.000000000000000000e+00
-1.000000000000000000e+00
1.000000000000000000e+00
-1.000000000000000000e+00
-1.000000000000000000e+00
-4.488036229597898163e-01
4.711419063846961075e-01
1.000000000000000000e+00
1.000000000000000000e+00
-6.808631842382810717e-01
-5.182411862998694829e-01
-1.000000000000000000e+00
1.000000000000000000e+00
-1.000000000000000000e+00
-1.000000000000000000e+00
8.031519043014241355e-01
1.824124301643917923e-01
-1.331084308726709908e-02
3.371910016798814747e-01
9.867109053894469461e-01
6.529799468920866046e-01
-1.000000000000000000e+00
1.000000000000000000e+00
-6.510711361073483472e-01
5.496081938491707841e-02
7.555341062800864371e-01
-9.939592374188181978e-01
7.589119557823290063e-02
-9.310055131602207323e-01
-1.000000000000000000e+00
1.000000000000000000e+00
-1.000000000000000000e+00
-7.042333856783448143e-01
-1.000000000000000000e+00
6.000000000000000888e-01
1.000000000000000000e+00
-1.000000000000000000e+00
4.718111578526218430e-01
2.837391895962563249e-01
-1.000000000000000000e+00
5.389258936258103372e-01
-2.911526607999721517e-01
1.000000000000000000e+00
-1.000000000000000000e+00
1.000000000000000000e+00
1.000000000000000000e+00
4.356246137669556040e-02
6.000000000000000888e-01
-1.000000000000000000e+00
-1.000000000000000000e+00
-6.995751219690488076e-01
1.000000000000000000e+00
-1.000000000000000000e+00
1.000000000000000000e+00
-1.000000000000000000e+00
-4.872937722287267737e-01
-1.000000000000000000e+00
6.890368465867597880e-01
-1.000000000000000000e+00
-1.000000000000000000e+00
-3.791591469871376519e-01
3.066580757362924459e-01
7.180354560072068626e-01
-4.805320645875596486e-01
1.000000000000000000e+00
6.479865913301751101e-01
4.478482329873512136e-01
-1.000000000000000000e+00
4.814149431974170112e-01
4.404356577569991660e-01
1.000000000000000000e+00
9.695723281304284846e-01
6.000000000000000888e-01
8.117513890321838010e-01
3.850498722088496195e-01
1.000000000000000000e+00
-1.000000000000000000e+00
1.000000000000000000e+00
1.000000000000000000e+00
1.000000000000000000e+00
9.095514544167634385e-01
-8.737157543059169695e-01
5.388140848833761209e-02
-1.000000000000000000e+00
-2.783785575208706509e-01
-6.035025439111317835e-01
-9.822313007471455970e-01
1.000000000000000000e+00
-9.829940700994926894e-02
1.000000000000000000e+00
-1.000000000000000000e+00
-1.000000000000000000e+00
-2.207543919265083643e-01
1.000000000000000000e+00
7.470046128665261964e-01
1.000000000000000000e+00
-1.000000000000000000e+00
1.000000000000000000e+00
-4.375630673063011233e-01
1.000000000000000000e+00
1.022659482184470059e-01
-9.295356153135357902e-01
6.989013043850712537e-01
2.153219402446830966e-01
-1.000000000000000000e+00
-3.036057022018397999e-01
-8.312474060421071176e-01
3.636761006805559471e-01
1.000000000000000000e+00
-1.000000000000000000e+00
-8.460550020608117450e-01
-1.000000000000000000e+00
8.922058432401982486e-01
-1.000000000000000000e+00
-7.792183514297406077e-01
2.405371978944260136e-01
1.000000000000000000e+00
-4.332362522477614108e-01
-1.000000000000000000e+00
9.879003542981972252e-01
-9.951689330978640280e-01
-8.175045426633585910e-01
8.819095611032111703e-01
-2.860446677945924776e-01
-1.000000000000000000e+00
-1.000000000000000000e+00
1.000000000000000000e+00
1.000000000000000000e+00
9.895675997604057583e-01
-5.660840510895237543e-01
-9.456209564417555891e-01
-6.453403765092877720e-01
-1.000000000000000000e+00
-5.982344361748858086e-01
-3.216236268277885557e-01
-6.014999377567036287e-01
-1.000000000000000000e+00
-1.000000000000000000e+00
1.000000000000000000e+00
1.000000000000000000e+00
-1.000000000000000000e+00
-5.554355299676790869e-01
1.000000000000000000e+00
4.036100694106097841e-01
1.000000000000000000e+00
