-1.000000000000000000e+00
-1.000000000000000000e+00
-1.000000000000000000e+00
1.000000000000000000e+00
5.512535461892504873e-01
1.000000000000000000e+00
-1.000000000000000000e+00
1.000000000000000000e+00
1.000000000000000000e+00
1.000000000000000000e+00
5.323495155173114668e-01
-1.000000000000000000e+00
-6.002140747275308552e-01
1.000000000000000000e+00
-7.342014804685923490e-01
6.055237455145385805e-01
7.101925544606388363e-02
-1.000000000000000000e+00
1.000000000000000000e+00
-1.454626538804956737e-01
-1.000000000000000000e+00
-4.938711989736003782e-01
-5.291257079656354056e-01
-1.000000000000000000e+00
-3.463989273004354774e-01
-1.000000000000000000e+00
6.000000000000000888e-01
1.000000000000000000e+00
8.196691241619322721e-01
-9.802692267183554797e-02
1.000000000000000000e+00
-5.507827662100268640e-01
-1.000000000000000000e+00
-1.000000000000000000e+00
1.000000000000000000e+00
-6.652905145382101981e-01
-4.889421480644506879e-01
-1.000000000000000000e+00
-1.000000000000000000e+00
1.000000000000000000e+00
-1.000000000000000000e+00
-1.000000000000000000e+00
-1.000000000000000000e+00
-9.336254288439396198e-01
4.139085094864411452e-01
-8.493474049459019959e-01
-1.000000000000000000e+00
1.000000000000000000e+00
-3.911560343998912725e-01
1.000000000000000000e+00
-1.000000000000000000e+00
-2.669017743166160472e-01
-7.694884216953181699e-01
1.000000000000000000e+00
-1.000000000000000000e+00
3.481894394280413696e-01
1.000000000000000000e+00
1.000000000000000000e+00
7.511865216895982078e-01
-4.857405949090115582e-01
-1.000000000000000000e+00
1.000000000000000000e+00
-8.808992834533957428e-01
-1.000000000000000000e+00
-1.000000000000000000e+00
-1.000000000000000000e+00
1.000000000000000000e+00
1.000000000000000000e+00
-1.000000000000000000e+00
1.000000000000000000e+00
-1.000000000000000000e+00
-1.000000000000000000e+00
-8.457732862551283759e-01
6.772429683582400495e-01
2.845473649793245907e-01
1.000000000000000000e+00
1.000000000000000000e+00
-1.000000000000000000e+00
9.810895169298261553e-01
8.767730125196202540e-01
-9.282872376572031126e-01
1.000000000000000000e+00
-1.000000000000000000e+00
1.000000000000000000e+00
7.844532608921068739e-01
-3.756517354807292763e-01
-4.374978914121639972e-01
-8.298557363764561545e-01
3.797733879600923013e-01
-1.000000000000000000e+00
9.428595927579541680e-02
-1.000000000000000000e+00
1.000000000000000000e+00
-1.000000000000000000e+00
6.270438813824312785e-01
-1.000000000000000000e+00
1.000000000000000000e+00
1.000000000000000000e+00
9.801635758036731927e-01
1.000000000000000000e+00
-1.000000000000000000e+00
-9.922645217116976557e-01
7.577159374725553898e-01
1.000000000000000000e+00
1.593133850319672917e-01
1.000000000000000000e+00
7.491368934081335529e-02
-9.249246871369289913e-01
1.000000000000000000e+00
4.682100051464815338e-01
1.000000000000000000e+00
-1.000000000000000000e+00
-8.216141374627957683e-01
7.851522511982871322e-01
9.076885193580637168e-01
6.883666872073258558e-01
-1.000000000000000000e+00
1.000000000000000000e+00
1.000000000000000000e+00
1.000000000000000000e+00
-4.655970653984838892e-01
-9.422928322990057337e-01
1.000000000000000000e+00
1.000000000000000000e+00
1.000000000000000000e+00
-1.000000000000000000e+00
7.310942604044647908e-01
-4.447269338602476973e-01
-2.335501174975214977e-01
-1.000000000000000000e+00
1.000000000000000000e+00
1.000000000000000000e+00
-4.884129268730270090e-01
1.000000000000000000e+00
-1.000000000000000000e+00
2.190878306726837255e-01
-7.466900061896245555e-01
-1.000000000000000000e+00
-8.723777601346260901e-01
1.000000000000000000e+00
2.059684204936171326e-01
6.564483724751903893e-01
3.215497743540205455e-01
1.000000000000000000e+00
5.469476066584371132e-01
-6.549997032111974926e-01
-1.000000000000000000e+00
7.738415121979385081e-01
-3.626070807342705038e-01
-1.000000000000000000e+00
-1.000000000000000000e+00
-1.000000000000000000e+00
8.444769659626660818e-02
-1.000000000000000000e+00
1.000000000000000000e+00
-7.238229771397073353e-01
4.718309554865528499e-01
-8.929605670291151931e-01
-1.000000000000000000e+00
-1.000000000000000000e+00
1.000000000000000000e+00
-9.795499965342099324e-01
-1.000000000000000000e+00
-7.698947593499414488e-01
5.832412095889714099e-01
-6.854135381167857366e-01
1.000000000000000000e+00
1.000000000000000000e+00
-1.000000000000000000e+00
8.895596449168124975e-01
1.000000000000000000e+00
-2.144339390384026045e-01
-9.156260749230251683e-01
-1.000000000000000000e+00
-1.000000000000000000e+00
-9.461527935658290422e-01
-8.868467286180820031e-01
1.000000000000000000e+00
-1.000000000000000000e+00
1.000000000000000000e+00
-4.801669767954426238e-01
-1.000000000000000000e+00
-1.000000000000000000e+00
1.000000000000000000e+00
9.787632097774631168e-01
-1.000000000000000000e+00
1.000000000000000000e+00
-3.148684916189420369e-02
-3.524094551483211157e-01
-8.324662896150104574e-01
-1.000000000000000000e+00
1.000000000000000000e+00
-8.239044519563398783e-01
-1.000000000000000000e+00
1.000000000000000000e+00
-7.911696378280437258e-01
-1.000000000000000000e+00
3.163173342461848558e-01
-9.230045639153228176e-01
1.000000000000000000e+00
-1.000000000000000000e+00
-1.000000000000000000e+00
-9.798795045800090531e-02
-1.000000000000000000e+00
-6.067793302173725145e-01
-1.000000000000000000e+00
-9.362822657229069589e-01
-1.000000000000000000e+00
6.924885778498458544e-01
1.102354904282537573e-02
-1.000000000000000000e+00
-1.000000000000000000e+00
1.000000000000000000e+00
-5.757407145413856453e-01
2.353860420779473328e-01
-7.361637913846795778e-01
-3.439531701520577300e-01
-1.000000000000000000e+00
-1.000000000000000000e+00
-1.000000000000000000e+00
-4.255852786929403830e-01
-9.032402081425268126e-01
-9.869568535030320833e-02
-1.000000000000000000e+00
1.000000000000000000e+00
-1.000000000000000000e+00
-9.814662297055972706e-01
1.000000000000000000e+00
1.000000000000000000e+00
1.000000000000000000e+00
-1.000000000000000000e+00
-3.044126804531049890e-01
1.000000000000000000e+00
6.857620212287458550e-01
1.000000000000000000e+00
-1.000000000000000000e+00
-1.000000000000000000e+00
-5.874562647060920240e-01
-4.216331006329835374e-01
1.350045535677978081e-01
-1.000000000000000000e+00
1.000000000000000000e+00
-1.000000000000000000e+00
7.456497232257368601e-01
5.315120119206534488e-01
-1.000000000000000000e+00
-5.053790974353075116e-01
-1.000000000000000000e+00
-1.000000000000000000e+00
-1.000000000000000000e+00
1.000000000000000000e+00
1.000000000000000000e+00
3.415195384547650703e-02
1.000000000000000000e+00
1.000000000000000000e+00
2.819183817921001034e-01
9.200000000000000400e-01
-6.308731085051870746e-01
1.000000000000000000e+00
-1.000000000000000000e+00
-1.000000000000000000e+00
-3.061547796065907656e-01
1.000000000000000000e+00
1.000000000000000000e+00
-9.998530412455497451e-01
