1.000000000000000000e+00
1.000000000000000000e+00
1.000000000000000000e+00
1.000000000000000000e+00
-1.000000000000000000e+00
1.000000000000000000e+00
-6.000000000000000888e-01
7.674036114616802351e-01
1.000000000000000000e+00
1.000000000000000000e+00
3.546045047404359218e-01
1.000000000000000000e+00
-1.000000000000000000e+00
-1.000000000000000000e+00
1.000000000000000000e+00
-1.000000000000000000e+00
-1.000000000000000000e+00
-1.000000000000000000e+00
1.000000000000000000e+00
-1.000000000000000000e+00
-7.948399678278397218e-01
1.000000000000000000e+00
-1.000000000000000000e+00
1.000000000000000000e+00
-6.800000000000000488e-01
-1.000000000000000000e+00
-5.497696333458484963e-01
1.000000000000000000e+00
-5.779331040650612650e-01
-1.000000000000000000e+00
9.470248146510360510e-01
8.003977632215877325e-01
7.071397236040296574e-01
-3.965963811515001991e-01
-3.565315214519039211e-01
-8.342913855132610967e-01
1.000000000000000000e+00
-1.000000000000000000e+00
1.000000000000000000e+00
-1.000000000000000000e+00
-1.000000000000000000e+00
1.000000000000000000e+00
-1.000000000000000000e+00
-6.903782804943664475e-01
1.000000000000000000e+00
-1.000000000000000000e+00
1.000000000000000000e+00
1.000000000000000000e+00
-1.000000000000000000e+00
1.000000000000000000e+00
-9.996747962504516360e-01
-1.000000000000000000e+00
-9.535428076643428508e-01
5.354857771729343296e-01
1.000000000000000000e+00
-9.955995106306574360e-01
-1.000000000000000000e+00
1.000000000000000000e+00
-1.000000000000000000e+00
-1.000000000000000000e+00
1.000000000000000000e+00
1.000000000000000000e+00
-1.000000000000000000e+00
-1.000000000000000000e+00
4.858393475523077321e-01
-1.000000000000000000e+00
-5.694406424741604855e-01
-1.000000000000000000e+00
1.000000000000000000e+00
1.000000000000000000e+00
1.000000000000000000e+00
-9.011535433537609663e-02
-1.000000000000000000e+00
1.000000000000000000e+00
-1.000000000000000000e+00
6.000000000000000888e-01
1.000000000000000000e+00
-1.000000000000000000e+00
1.000000000000000000e+00
-3.897670237142017990e-01
-1.000000000000000000e+00
5.146033024621594620e-01
-1.000000000000000000e+00
-1.000000000000000000e+00
-1.000000000000000000e+00
1.000000000000000000e+00
-6.000000000000000888e-01
-1.000000000000000000e+00
8.916330188418285507e-01
-1.000000000000000000e+00
1.000000000000000000e+00
-1.000000000000000000e+00
-1.000000000000000000e+00
1.000000000000000000e+00
-1.000000000000000000e+00
1.000000000000000000e+00
1.000000000000000000e+00
-6.259380834357346490e-01
1.000000000000000000e+00
1.000000000000000000e+00
-1.000000000000000000e+00
-1.000000000000000000e+00
1.000000000000000000e+00
-1.000000000000000000e+00
-1.000000000000000000e+00
-1.000000000000000000e+00
-1.000000000000000000e+00
1.000000000000000000e+00
2.218352350748618029e-01
-7.219598106261531090e-01
-1.000000000000000000e+00
1.000000000000000000e+00
1.000000000000000000e+00
-1.000000000000000000e+00
9.596930132215333309e-01
-1.000000000000000000e+00
-1.000000000000000000e+00
-1.000000000000000000e+00
-1.000000000000000000e+00
1.000000000000000000e+00
-9.024532253377155755e-02
1.000000000000000000e+00
6.889892542111105689e-01
9.911539861463108947e-01
1.000000000000000000e+00
1.000000000000000000e+00
-1.000000000000000000e+00
-1.000000000000000000e+00
-1.000000000000000000e+00
1.000000000000000000e+00
-6.800000000000000488e-01
5.706595509690775003e-01
-1.000000000000000000e+00
1.000000000000000000e+00
9.525868714442028429e-01
-1.000000000000000000e+00
1.000000000000000000e+00
-6.372617474377244573e-01
1.000000000000000000e+00
1.000000000000000000e+00
7.423077077324268247e-01
-1.000000000000000000e+00
-1.000000000000000000e+00
-6.000000000000000888e-01
-1.000000000000000000e+00
-1.000000000000000000e+00
1.000000000000000000e+00
7.657600527168805238e-01
-1.000000000000000000e+00
-1.000000000000000000e+00
9.488000000000000878e-01
-1.000000000000000000e+00
-6.180183227461395479e-01
-1.000000000000000000e+00
-1.000000000000000000e+00
-1.000000000000000000e+00
1.915723192097534278e-01
-1.000000000000000000e+00
-1.000000000000000000e+00
-1.000000000000000000e+00
1.000000000000000000e+00
-5.618883533547835984e-01
-6.478887488698987784e-01
-1.000000000000000000e+00
-1.000000000000000000e+00
-6.270060043800441685e-01
1.000000000000000000e+00
8.698703467908890374e-01
-1.000000000000000000e+00
3.317987556000444593e-01
1.000000000000000000e+00
-1.000000000000000000e+00
-9.987716751925681535e-01
9.628046409405479622e-01
1.000000000000000000e+00
1.000000000000000000e+00
-4.360905425780564615e-01
-6.107984185163948254e-01
-9.449045842126622130e-01
1.000000000000000000e+00
-1.000000000000000000e+00
1.000000000000000000e+00
1.000000000000000000e+00
-1.000000000000000000e+00
1.000000000000000000e+00
1.000000000000000000e+00
1.000000000000000000e+00
4.727261268415456907e-01
-1.000000000000000000e+00
-4.677109485905257547e-01
1.000000000000000000e+00
-1.000000000000000000e+00
1.000000000000000000e+00
1.000000000000000000e+00
1.000000000000000000e+00
-1.000000000000000000e+00
1.000000000000000000e+00
1.000000000000000000e+00
4.889892084760611990e-01
1.000000000000000000e+00
1.000000000000000000e+00
-1.000000000000000000e+00
8.558541446874562419e-01
1.000000000000000000e+00
-1.000000000000000000e+00
1.000000000000000000e+00
1.000000000000000000e+00
-1.000000000000000000e+00
-1.000000000000000000e+00
-1.000000000000000000e+00
-1.000000000000000000e+00
-1.000000000000000000e+00
1.000000000000000000e+00
1.000000000000000000e+00
-1.000000000000000000e+00
-1.000000000000000000e+00
-1.000000000000000000e+00
-8.320353362642006756e-01
1.000000000000000000e+00
1.000000000000000000e+00
-1.000000000000000000e+00
-3.394317407634669381e-01
-9.946937571033751535e-01
1.000000000000000000e+00
-1.000000000000000000e+00
1.000000000000000000e+00
1.037424809560320571e-01
-7.310598130440014719e-01
-1.000000000000000000e+00
-1.000000000000000000e+00
-1.000000000000000000e+00
1.000000000000000000e+00
-1.000000000000000000e+00
1.000000000000000000e+00
-9.886217253706586217e-01
-1.000000000000000000e+00
-3.122026530280833656e-01
-3.597313829175143307e-01
1.000000000000000000e+00
-1.000000000000000000e+00
-1.000000000000000000e+00
-7.439999999999999947e-01
-1.000000000000000000e+00
1.000000000000000000e+00
1.000000000000000000e+00
-5.973223935640019633e-01
-1.000000000000000000e+00
1.000000000000000000e+00
-1.620219194486354486e-01
1.000000000000000000e+00
-1.000000000000000000e+00
1.000000000000000000e+00
1.000000000000000000e+00
1.000000000000000000e+00
-8.954283413936658942e-01
-9.967204216847125320e-01
-1.000000000000000000e+00
-1.000000000000000000e+00
1.000000000000000000e+00
-1.000000000000000000e+00
-1.000000000000000000e+00
-1.000000000000000000e+00
1.000000000000000000e+00
1.000000000000000000e+00
1.000000000000000000e+00
