-7.784785418499833298e-01
1.000000000000000000e+00
-1.000000000000000000e+00
-1.000000000000000000e+00
-7.710684808558219139e-01
-1.000000000000000000e+00
4.665552985055830826e-01
-1.876945612167893185e-01
1.000000000000000000e+00
9.370271448173868034e-01
-1.000000000000000000e+00
1.911926907681473220e-01
-1.000000000000000000e+00
-8.686461902478805897e-01
-1.000000000000000000e+00
1.000000000000000000e+00
-1.000000000000000000e+00
-6.326803952210594550e-01
-1.712099654009907046e-01
-2.819056836292404000e-01
1.000000000000000000e+00
-5.809839536241985236e-01
1.000000000000000000e+00
-1.000000000000000000e+00
6.220993893721941115e-01
-7.738612122043975194e-01
7.884257012199153980e-01
-5.182909576201626400e-01
-1.000000000000000000e+00
-1.000000000000000000e+00
1.000000000000000000e+00
4.481457791783215461e-01
1.000000000000000000e+00
-6.891116507125085722e-01
1.000000000000000000e+00
9.988589377295207239e-01
-1.000000000000000000e+00
-8.343318780901946008e-01
-1.000000000000000000e+00
1.758172755247187913e-02
1.000000000000000000e+00
1.000000000000000000e+00
7.075302040249786817e-01
-1.000000000000000000e+00
-6.000000000000000888e-01
-4.968705072665005051e-01
1.000000000000000000e+00
-1.000000000000000000e+00
1.000000000000000000e+00
1.000000000000000000e+00
-3.087536047876199286e-01
9.075033732396523556e-01
-1.000000000000000000e+00
1.000000000000000000e+00
-1.749158162178787723e-01
5.058451566358350693e-01
-8.033882746362793759e-01
4.108280791645024799e-02
-8.106241741117484745e-01
-8.645488656038103903e-01
-8.061046166025335191e-01
-5.789395486537637359e-01
-1.996216268884710709e-01
-1.000000000000000000e+00
-1.000000000000000000e+00
-4.633257151955534336e-01
-1.000000000000000000e+00
5.795293097907282531e-01
1.000000000000000000e+00
1.000000000000000000e+00
-1.000000000000000000e+00
-5.883782077984383019e-01
1.000000000000000000e+00
-8.335522863555786532e-01
7.897119771527110199e-01
1.000000000000000000e+00
-1.000000000000000000e+00
1.000000000000000000e+00
-9.933055250494930988e-01
-8.383091303407793626e-01
-1.000000000000000000e+00
-2.777856953811090324e-01
-1.000000000000000000e+00
1.000000000000000000e+00
1.000000000000000000e+00
9.401901965375643044e-01
1.000000000000000000e+00
-1.000000000000000000e+00
1.000000000000000000e+00
-1.000000000000000000e+00
1.187848846325891827e-01
1.000000000000000000e+00
-1.736891260207272247e-01
-3.455825822793381352e-01
1.000000000000000000e+00
-1.000000000000000000e+00
-1.000000000000000000e+00
9.698874922152366240e-01
2.292679347256221245e-01
-9.294895929469361162e-01
-1.000000000000000000e+00
-8.194234259749865190e-01
-1.000000000000000000e+00
5.849887735353599405e-01
5.009279457374953282e-01
1.000000000000000000e+00
-5.854287343720094849e-01
1.000000000000000000e+00
-2.841506570846155100e-01
-1.000000000000000000e+00
1.000000000000000000e+00
1.000000000000000000e+00
-1.000000000000000000e+00
-1.000000000000000000e+00
-1.000000000000000000e+00
7.495346796916120269e-01
-8.399153343106209313e-01
-1.000000000000000000e+00
-4.128981211230861037e-01
-5.100518308718356986e-01
-1.000000000000000000e+00
1.056192458806076706e-01
4.022457707979566477e-01
7.440024932065381069e-02
-5.722287333425964961e-01
2.529639317946904553e-01
-1.000000000000000000e+00
3.319203237365604964e-01
7.110727878105920219e-01
-3.938570206249431549e-01
-8.181131468337812240e-01
-1.000000000000000000e+00
-1.000000000000000000e+00
-1.000000000000000000e+00
6.859509534752618043e-01
-4.261721455723304075e-01
1.000000000000000000e+00
1.000000000000000000e+00
-9.122801577900718772e-01
9.183924090600100731e-01
9.418727209570203485e-01
-8.586967887842938962e-01
7.120990515127367804e-02
-1.000000000000000000e+00
-6.924377333973356918e-02
1.000000000000000000e+00
6.296285506287963019e-01
-4.351462695284724624e-01
-1.000000000000000000e+00
1.000000000000000000e+00
1.000000000000000000e+00
1.000000000000000000e+00
-9.943115361205788760e-01
1.000000000000000000e+00
1.000000000000000000e+00
-1.000000000000000000e+00
-1.000000000000000000e+00
1.000000000000000000e+00
-1.000000000000000000e+00
3.833249869421774814e-01
-3.870442009223611368e-01
-1.000000000000000000e+00
-8.312054171643845635e-01
6.994906197605574860e-01
1.000000000000000000e+00
7.147067616858825412e-01
2.523764320925147020e-01
7.014855953532043165e-01
-2.939448467794513742e-01
-7.965031135780120675e-01
-1.000000000000000000e+00
-1.000000000000000000e+00
-5.834758885896413894e-01
8.844809663819654943e-01
-7.566444082448124941e-01
-5.517235011302437098e-01
-1.000000000000000000e+00
-1.000000000000000000e+00
-7.030933604088095423e-01
-1.000000000000000000e+00
8.585785837696491285e-01
6.218112258806434145e-01
3.178954969511941786e-01
3.492375596128965975e-01
2.502140399068494281e-01
-1.000000000000000000e+00
-6.210344515859687053e-01
-1.291854770446313194e-01
5.257449744999707075e-01
-1.000000000000000000e+00
-1.000000000000000000e+00
-1.000000000000000000e+00
-8.303652844433140334e-01
7.228439216615228924e-01
-3.933898771424342855e-01
-1.000000000000000000e+00
-4.766264731426838042e-01
-1.000000000000000000e+00
1.000000000000000000e+00
-1.000000000000000000e+00
6.000000000000000888e-01
1.000000000000000000e+00
9.668177480066486584e-01
5.803042958033903798e-01
5.375232611700855312e-01
1.000000000000000000e+00
1.000000000000000000e+00
6.277483527819428533e-01
-3.815291572438052059e-01
-6.672000000000000153e-01
-1.000000000000000000e+00
1.000000000000000000e+00
1.000000000000000000e+00
-8.036767733536831493e-02
-4.019006314258234680e-02
4.829174983421601897e-01
-1.000000000000000000e+00
-1.000000000000000000e+00
-1.000000000000000000e+00
1.000000000000000000e+00
-1.000000000000000000e+00
-1.000000000000000000e+00
1.000000000000000000e+00
1.000000000000000000e+00
-6.165371103540762121e-01
-8.746232705341429048e-01
1.000000000000000000e+00
1.000000000000000000e+00
1.000000000000000000e+00
1.000000000000000000e+00
-1.000000000000000000e+00
1.652621518469406525e-01
-8.091949399755943295e-02
1.000000000000000000e+00
1.000000000000000000e+00
-1.000000000000000000e+00
-1.000000000000000000e+00
1.000000000000000000e+00
7.491084907240026514e-01
-1.000000000000000000e+00
-7.090688384844837655e-01
-1.000000000000000000e+00
5.635114602433382025e-01
9.467240295574643749e-01
1.000000000000000000e+00
-8.520192640202353118e-01
-1.000000000000000000e+00
1.000000000000000000e+00
1.000000000000000000e+00
-6.098537583074420398e-01
-2.666163023565043533e-02
-4.174336707798879664e-01
8.853038291066649412e-01
1.000000000000000000e+00
1.000000000000000000e+00
5.981418751225405783e-01
-1.000000000000000000e+00
-6.295913552109111411e-01
3.135674919223696566e-01
-1.000000000000000000e+00
-1.000000000000000000e+00
1.000000000000000000e+00
1.000000000000000000e+00
5.132705322996762298e-01
3.514238739667808753e-01
