4.388308413286206022e-01
-1.000000000000000000e+00
-1.000000000000000000e+00
-5.555355515795007415e-01
1.000000000000000000e+00
9.685525129133387701e-01
1.000000000000000000e+00
1.000000000000000000e+00
-8.826967586947443989e-01
-1.000000000000000000e+00
-1.313256343737013998e-01
9.361246707833636993e-01
1.000000000000000000e+00
-1.000000000000000000e+00
-9.507672392915523796e-01
-1.293079732348851110e-02
7.194784683534080072e-01
-1.000000000000000000e+00
-1.000000000000000000e+00
1.000000000000000000e+00
-1.000000000000000000e+00
-6.152914086253422621e-01
-1.000000000000000000e+00
-1.000000000000000000e+00
-1.000000000000000000e+00
-1.000000000000000000e+00
-3.891891796933227843e-01
1.000000000000000000e+00
-5.927293724249844686e-01
-9.155447029119884172e-01
-1.000000000000000000e+00
1.000000000000000000e+00
-1.000000000000000000e+00
7.193323561937183808e-01
-1.000000000000000000e+00
1.000000000000000000e+00
-1.000000000000000000e+00
-1.000000000000000000e+00
-8.528596874290409469e-01
4.580087361397853218e-01
9.874186624450445038e-01
-1.000000000000000000e+00
1.000000000000000000e+00
8.216746464669681949e-01
-1.000000000000000000e+00
-1.000000000000000000e+00
-9.677857402761893546e-01
-1.000000000000000000e+00
1.000000000000000000e+00
-4.239527656139749356e-02
-2.365557653307520103e-01
-8.097568516950122142e-01
1.000000000000000000e+00
1.000000000000000000e+00
-4.663618079327387922e-01
-2.297866337369584566e-01
3.954421742088281566e-01
1.765753190757118618e-01
-5.191225672385844092e-01
-1.000000000000000000e+00
1.000000000000000000e+00
8.449588618841624710e-01
9.035405599183280456e-01
1.000000000000000000e+00
8.298032903531495919e-01
-9.804960707480805393e-01
7.613560355610993202e-01
-9.388189712493747452e-01
1.000000000000000000e+00
1.929669079582711777e-01
1.000000000000000000e+00
-9.360000000000000542e-01
9.274838771175779595e-01
2.954625844850032323e-01
-5.011380802767467779e-01
-1.000000000000000000e+00
1.000000000000000000e+00
-1.000000000000000000e+00
-6.329875101714286245e-01
1.000000000000000000e+00
-1.000000000000000000e+00
9.120628949643695416e-01
-1.000000000000000000e+00
1.000000000000000000e+00
-1.000000000000000000e+00
-1.337536551562966414e-01
1.000000000000000000e+00
-2.822063653455028631e-01
1.000000000000000000e+00
-1.000000000000000000e+00
3.886464735608201604e-01
1.000000000000000000e+00
-9.963637210110263265e-01
2.915035494465070820e-01
-1.000000000000000000e+00
-1.000000000000000000e+00
-9.782510758614281210e-01
6.920993702425427552e-01
-1.000000000000000000e+00
-1.000000000000000000e+00
9.156313559099870103e-01
1.000000000000000000e+00
1.000000000000000000e+00
1.000000000000000000e+00
-9.795480489849713868e-01
8.081195485643933862e-01
-1.000000000000000000e+00
-1.000000000000000000e+00
-1.000000000000000000e+00
-1.000000000000000000e+00
5.076302857763717036e-01
-1.000000000000000000e+00
-1.000000000000000000e+00
-1.000000000000000000e+00
-8.264791752615877618e-01
2.800000000000001377e-01
1.000000000000000000e+00
-4.028503606077381005e-01
4.712001407543205400e-01
1.000000000000000000e+00
-6.000000000000000888e-01
-9.846465304717568756e-01
-7.960595696972003754e-01
-1.913769852570410823e-01
6.682163003447336713e-01
1.000000000000000000e+00
-3.733798511681871851e-02
1.000000000000000000e+00
4.136720580757567989e-01
-1.000000000000000000e+00
3.827677172755198365e-01
1.000000000000000000e+00
1.000000000000000000e+00
-1.000000000000000000e+00
-7.945442710450889567e-01
-1.000000000000000000e+00
1.000000000000000000e+00
1.622140724039022874e-01
1.000000000000000000e+00
-3.195150092263288055e-02
1.000000000000000000e+00
1.000000000000000000e+00
9.596984866532456415e-01
-4.980690057555950956e-01
1.000000000000000000e+00
-1.000000000000000000e+00
3.600000000000000977e-01
9.585395904394591327e-01
1.000000000000000000e+00
1.000000000000000000e+00
2.480475276360735726e-01
-9.734637193740762751e-01
-1.000000000000000000e+00
1.000000000000000000e+00
-1.000000000000000000e+00
1.000000000000000000e+00
-8.750404664438149460e-01
-9.363338004578491969e-01
-4.343043035128653084e-01
1.000000000000000000e+00
4.471542761435881586e-01
-9.993074252467688545e-01
7.610944577866459726e-01
1.000000000000000000e+00
1.000000000000000000e+00
-1.000000000000000000e+00
1.000000000000000000e+00
1.000000000000000000e+00
1.000000000000000000e+00
1.000000000000000000e+00
-8.295390964790230193e-01
-1.000000000000000000e+00
1.000000000000000000e+00
6.058742310676746845e-01
-1.000000000000000000e+00
2.081132817831073956e-01
1.000000000000000000e+00
-5.346734482013647538e-01
-1.000000000000000000e+00
1.000000000000000000e+00
4.365289275078281794e-01
-7.189330351178149225e-01
8.609774769577415166e-01
1.000000000000000000e+00
-5.454249993320228196e-01
2.586155721831043253e-01
5.939841197990943789e-01
-1.000000000000000000e+00
1.000000000000000000e+00
-3.107319131048168481e-01
-6.194534981923363048e-01
8.106596626839515096e-01
7.920442589162048908e-01
7.015081682884684033e-01
9.830463583412482054e-01
9.747799073838855355e-01
9.728886533973026829e-01
1.000000000000000000e+00
4.243351028556869853e-01
1.000000000000000000e+00
1.000000000000000000e+00
8.812922422785951504e-01
-1.000000000000000000e+00
-2.294514911547314850e-01
1.000000000000000000e+00
6.800000000000000488e-01
5.905860345722675486e-01
-1.000000000000000000e+00
-3.274675137782431245e-01
1.000000000000000000e+00
-1.000000000000000000e+00
-1.000000000000000000e+00
1.000000000000000000e+00
-1.000000000000000000e+00
-1.000000000000000000e+00
-1.000000000000000000e+00
-1.000000000000000000e+00
-1.000000000000000000e+00
1.000000000000000000e+00
-1.000000000000000000e+00
-1.000000000000000000e+00
-9.883579613431197064e-01
1.000000000000000000e+00
1.000000000000000000e+00
-6.000000000000000888e-01
5.136025576771958701e-01
-7.195068791438958833e-01
3.599227622475456023e-01
4.176336992973084250e-01
1.000000000000000000e+00
-1.000000000000000000e+00
-1.000000000000000000e+00
1.000000000000000000e+00
1.000000000000000000e+00
-1.000000000000000000e+00
-1.000000000000000000e+00
1.000000000000000000e+00
1.000000000000000000e+00
1.000000000000000000e+00
1.939166417912481788e-01
-1.000000000000000000e+00
1.000000000000000000e+00
1.000000000000000000e+00
1.000000000000000000e+00
-4.395259284458621907e-01
8.938005216416387011e-01
6.463263626871323941e-02
1.000000000000000000e+00
1.000000000000000000e+00
1.000000000000000000e+00
3.644504544757501963e-01
1.000000000000000000e+00
1.000000000000000000e+00
1.000000000000000000e+00
-1.000000000000000000e+00
6.000000000000000888e-01
-1.000000000000000000e+00
-1.000000000000000000e+00
-8.247310556293173667e-01
1.000000000000000000e+00
-2.869145192187677607e-01
-6.845129783228789955e-02
5.757462500621259860e-01
8.547167585791579647e-01
1.000000000000000000e+00
